3 6 13 17 18 22 37 38 47 48 
1 3 4 5 16 20 21 25 43 47 
5 14 20 22 24 26 28 34 37 42 
4 13 16 19 20 21 22 23 39 45 
2 7 8 9 10 23 24 25 29 38 
3 10 14 19 21 28 30 32 43 49 
4 6 18 19 23 30 38 39 46 48 
1 3 14 20 23 27 30 31 34 40 
6 10 13 21 27 29 37 38 41 46 
2 5 15 16 18 27 28 29 39 45 
3 8 9 12 15 24 28 34 41 46 
3 13 14 17 18 26 34 35 45 46 
1 7 9 12 13 22 31 45 46 48 
1 12 16 23 24 29 30 34 39 44 
8 10 14 20 22 23 27 33 40 45 
1 5 12 19 21 23 28 29 44 46 
8 13 17 19 24 27 28 29 30 38 
12 13 22 23 25 32 34 37 38 45 
1 4 8 15 16 30 31 33 37 40 
1 3 4 9 12 19 27 31 44 49 
2 3 10 13 18 24 29 30 44 46 
2 10 12 13 33 38 41 43 47 49 
5 11 13 19 25 26 30 32 35 38 
6 9 10 11 17 27 31 38 42 44 
2 11 12 15 18 23 27 32 37 42 
1 9 10 14 17 26 35 36 39 46 
1 3 4 10 11 18 24 28 36 41 
2 3 15 19 24 34 36 39 44 48 
2 7 11 12 18 19 21 28 36 48 
2 19 28 29 32 33 34 38 44 46 
4 6 13 15 21 30 31 39 40 42 
6 7 18 20 22 25 26 30 35 44 
2 3 14 25 28 33 34 39 41 44 
6 8 12 22 23 33 36 42 43 48 
4 5 23 26 29 34 36 39 40 44 
6 7 18 21 22 23 35 37 41 49 
7 8 16 20 23 26 27 34 40 45 
2 11 15 25 30 33 34 36 39 40 
0 1 7 9 26 29 30 31 34 40 
2 4 5 6 13 19 41 42 43 45 
3 6 8 9 15 25 28 34 37 43 
6 7 8 13 23 25 29 31 34 41 
2 4 5 16 21 28 30 32 40 44 
6 7 9 22 23 25 27 29 40 42 
11 14 18 25 30 32 34 37 39 42 
4 7 9 18 22 24 29 32 44 49 
2 19 20 22 24 27 28 32 39 40 
6 12 19 20 21 25 30 37 45 49 
5 7 12 13 22 24 26 35 37 43 
7 11 19 20 28 31 32 33 38 46 
