10
10
0.5897 2.4103 9.4103 13.4103 14.4103 18.4103 33.4103 34.4103 43.4103 44.4103 
29.3390 26.3390 19.3390 15.3390 14.3390 10.3390 4.6610 5.6610 14.6610 15.6610 
32.4328 29.4328 22.4328 18.4328 17.4328 13.4328 1.5672 2.5672 11.5672 12.5672 
38.5121 35.5121 28.5121 24.5121 23.5121 19.5121 4.5121 3.5121 5.4879 6.4879 
13.2126 10.2126 3.2126 0.7874 1.7874 5.7874 20.7874 21.7874 30.7874 31.7874 
36.6357 33.6357 26.6357 22.6357 21.6357 17.6357 2.6357 1.6357 7.3643 8.3643 
2.0190 5.0190 12.0190 16.0190 17.0190 21.0190 36.0190 37.0190 46.0190 47.0190 
10.2007 7.2007 0.2007 3.7993 4.7993 8.7993 23.7993 24.7993 33.7993 34.7993 
41.3323 38.3323 31.3323 27.3323 26.3323 22.3323 7.3323 6.3323 2.6677 3.6677 
26.5509 23.5509 16.5509 12.5509 11.5509 7.5509 7.4491 8.4491 17.4491 18.4491 

10
10
42.7306 40.7306 39.7306 38.7306 27.7306 23.7306 22.7306 18.7306 0.7306 3.2694 
0.6902 1.3098 2.3098 3.3098 14.3098 18.3098 19.3098 23.3098 41.3098 45.3098 
32.4032 30.4032 29.4032 28.4032 17.4032 13.4032 12.4032 8.4032 9.5968 13.5968 
44.4626 42.4626 41.4626 40.4626 29.4626 25.4626 24.4626 20.4626 2.4626 1.5374 
38.9318 36.9318 35.9318 34.9318 23.9318 19.9318 18.9318 14.9318 3.0682 7.0682 
30.8174 28.8174 27.8174 26.8174 15.8174 11.8174 10.8174 6.8174 11.1826 15.1826 
39.1718 37.1718 36.1718 35.1718 24.1718 20.1718 19.1718 15.1718 2.8282 6.8282 
43.2402 41.2402 40.2402 39.2402 28.2402 24.2402 23.2402 19.2402 1.2402 2.7598 
5.6962 3.6962 2.6962 1.6962 9.3038 13.3038 14.3038 18.3038 36.3038 40.3038 
53.3005 51.3005 50.3005 49.3005 38.3005 34.3005 33.3005 29.3005 11.3005 7.3005 

10
10
4.4222 4.5778 10.5778 12.5778 14.5778 16.5778 18.5778 24.5778 27.5778 32.5778 
8.2454 0.7546 6.7546 8.7546 10.7546 12.7546 14.7546 20.7546 23.7546 28.7546 
29.3204 20.3204 14.3204 12.3204 10.3204 8.3204 6.3204 0.3204 2.6796 7.6796 
12.2834 3.2834 2.7166 4.7166 6.7166 8.7166 10.7166 16.7166 19.7166 24.7166 
36.9072 27.9072 21.9072 19.9072 17.9072 15.9072 13.9072 7.9072 4.9072 0.0928 
2.0406 11.0406 17.0406 19.0406 21.0406 23.0406 25.0406 31.0406 34.0406 39.0406 
21.8880 12.8880 6.8880 4.8880 2.8880 0.8880 1.1120 7.1120 10.1120 15.1120 
41.4604 32.4604 26.4604 24.4604 22.4604 20.4604 18.4604 12.4604 9.4604 4.4604 
49.0671 40.0671 34.0671 32.0671 30.0671 28.0671 26.0671 20.0671 17.0671 12.0671 
29.9912 20.9912 14.9912 12.9912 10.9912 8.9912 6.9912 0.9912 2.0088 7.0088 

10
10
20.8415 11.8415 8.8415 5.8415 4.8415 3.8415 2.8415 1.8415 14.1585 20.1585 
6.3460 2.6540 5.6540 8.6540 9.6540 10.6540 11.6540 12.6540 28.6540 34.6540 
7.5490 1.4510 4.4510 7.4510 8.4510 9.4510 10.4510 11.4510 27.4510 33.4510 
0.6599 9.6599 12.6599 15.6599 16.6599 17.6599 18.6599 19.6599 35.6599 41.6599 
5.9954 3.0046 6.0046 9.0046 10.0046 11.0046 12.0046 13.0046 29.0046 35.0046 
1.5605 10.5605 13.5605 16.5605 17.5605 18.5605 19.5605 20.5605 36.5605 42.5605 
5.0881 3.9119 6.9119 9.9119 10.9119 11.9119 12.9119 13.9119 29.9119 35.9119 
45.2894 36.2894 33.2894 30.2894 29.2894 28.2894 27.2894 26.2894 10.2894 4.2894 
12.8272 3.8272 0.8272 2.1728 3.1728 4.1728 5.1728 6.1728 22.1728 28.1728 
11.8251 2.8251 0.1749 3.1749 4.1749 5.1749 6.1749 7.1749 23.1749 29.1749 

10
10
6.9689 1.9689 0.9689 0.0311 1.0311 14.0311 15.0311 16.0311 20.0311 29.0311 
0.9257 4.0743 5.0743 6.0743 7.0743 20.0743 21.0743 22.0743 26.0743 35.0743 
26.6853 21.6853 20.6853 19.6853 18.6853 5.6853 4.6853 3.6853 0.3147 9.3147 
37.0063 32.0063 31.0063 30.0063 29.0063 16.0063 15.0063 14.0063 10.0063 1.0063 
22.8732 17.8732 16.8732 15.8732 14.8732 1.8732 0.8732 0.1268 4.1268 13.1268 
8.3685 3.3685 2.3685 1.3685 0.3685 12.6315 13.6315 14.6315 18.6315 27.6315 
25.9917 20.9917 19.9917 18.9917 17.9917 4.9917 3.9917 2.9917 1.0083 10.0083 
41.3305 36.3305 35.3305 34.3305 33.3305 20.3305 19.3305 18.3305 14.3305 5.3305 
50.3095 45.3095 44.3095 43.3095 42.3095 29.3095 28.3095 27.3095 23.3095 14.3095 
17.1205 12.1205 11.1205 10.1205 9.1205 3.8795 4.8795 5.8795 9.8795 18.8795 

10
10
28.4463 21.4463 17.4463 12.4463 10.4463 3.4463 1.4463 0.5537 11.5537 17.5537 
14.0620 7.0620 3.0620 1.9380 3.9380 10.9380 12.9380 14.9380 25.9380 31.9380 
38.9219 31.9219 27.9219 22.9219 20.9219 13.9219 11.9219 9.9219 1.0781 7.0781 
14.0051 7.0051 3.0051 1.9949 3.9949 10.9949 12.9949 14.9949 25.9949 31.9949 
12.5013 5.5013 1.5013 3.4987 5.4987 12.4987 14.4987 16.4987 27.4987 33.4987 
35.8791 28.8791 24.8791 19.8791 17.8791 10.8791 8.8791 6.8791 4.1209 10.1209 
34.7142 27.7142 23.7142 18.7142 16.7142 9.7142 7.7142 5.7142 5.2858 11.2858 
40.2684 33.2684 29.2684 24.2684 22.2684 15.2684 13.2684 11.2684 0.2684 5.7316 
43.1910 36.1910 32.1910 27.1910 25.1910 18.1910 16.1910 14.1910 3.1910 2.8090 
39.1097 32.1097 28.1097 23.1097 21.1097 14.1097 12.1097 10.1097 0.8903 6.8903 

10
10
36.6411 34.6411 22.6411 21.6411 17.6411 10.6411 2.6411 1.6411 5.3589 7.3589 
22.7468 20.7468 8.7468 7.7468 3.7468 3.2532 11.2532 12.2532 19.2532 21.2532 
48.1632 46.1632 34.1632 33.1632 29.1632 22.1632 14.1632 13.1632 6.1632 4.1632 
4.4036 2.4036 9.5964 10.5964 14.5964 21.5964 29.5964 30.5964 37.5964 39.5964 
24.4102 22.4102 10.4102 9.4102 5.4102 1.5898 9.5898 10.5898 17.5898 19.5898 
29.4165 27.4165 15.4165 14.4165 10.4165 3.4165 4.5835 5.5835 12.5835 14.5835 
24.6283 22.6283 10.6283 9.6283 5.6283 1.3717 9.3717 10.3717 17.3717 19.3717 
13.3661 11.3661 0.6339 1.6339 5.6339 12.6339 20.6339 21.6339 28.6339 30.6339 
10.5409 8.5409 3.4591 4.4591 8.4591 15.4591 23.4591 24.4591 31.4591 33.4591 
2.2642 0.2642 11.7358 12.7358 16.7358 23.7358 31.7358 32.7358 39.7358 41.7358 

10
10
18.3428 16.3428 5.3428 0.6572 3.6572 7.6572 10.6572 11.6572 14.6572 20.6572 
8.8395 6.8395 4.1605 10.1605 13.1605 17.1605 20.1605 21.1605 24.1605 30.1605 
6.6515 4.6515 6.3485 12.3485 15.3485 19.3485 22.3485 23.3485 26.3485 32.3485 
0.8883 2.8883 13.8883 19.8883 22.8883 26.8883 29.8883 30.8883 33.8883 39.8883 
1.6364 0.3636 11.3636 17.3636 20.3636 24.3636 27.3636 28.3636 31.3636 37.3636 
37.4757 35.4757 24.4757 18.4757 15.4757 11.4757 8.4757 7.4757 4.4757 1.5243 
39.7694 37.7694 26.7694 20.7694 17.7694 13.7694 10.7694 9.7694 6.7694 0.7694 
10.7862 8.7862 2.2138 8.2138 11.2138 15.2138 18.2138 19.2138 22.2138 28.2138 
30.2777 28.2777 17.2777 11.2777 8.2777 4.2777 1.2777 0.2777 2.7223 8.7223 
27.6057 25.6057 14.6057 8.6057 5.6057 1.6057 1.3943 2.3943 5.3943 11.3943 

10
10
32.7124 28.7124 25.7124 17.7124 11.7124 9.7124 1.7124 0.7124 2.2876 7.2876 
43.5986 39.5986 36.5986 28.5986 22.5986 20.5986 12.5986 11.5986 8.5986 3.5986 
20.4430 16.4430 13.4430 5.4430 0.5570 2.5570 10.5570 11.5570 14.5570 19.5570 
38.1263 34.1263 31.1263 23.1263 17.1263 15.1263 7.1263 6.1263 3.1263 1.8737 
18.6509 14.6509 11.6509 3.6509 2.3491 4.3491 12.3491 13.3491 16.3491 21.3491 
3.3356 7.3356 10.3356 18.3356 24.3356 26.3356 34.3356 35.3356 38.3356 43.3356 
3.4838 0.5162 3.5162 11.5162 17.5162 19.5162 27.5162 28.5162 31.5162 36.5162 
30.8966 26.8966 23.8966 15.8966 9.8966 7.8966 0.1034 1.1034 4.1034 9.1034 
37.5494 33.5494 30.5494 22.5494 16.5494 14.5494 6.5494 5.5494 2.5494 2.4506 
41.6485 37.6485 34.6485 26.6485 20.6485 18.6485 10.6485 9.6485 6.6485 1.6485 

10
10
49.8917 46.8917 36.8917 35.8917 33.8917 24.8917 23.8917 22.8917 12.8917 6.8917 
13.9410 10.9410 0.9410 0.0590 2.0590 11.0590 12.0590 13.0590 23.0590 29.0590 
21.9685 18.9685 8.9685 7.9685 5.9685 3.0315 4.0315 5.0315 15.0315 21.0315 
1.0630 4.0630 14.0630 15.0630 17.0630 26.0630 27.0630 28.0630 38.0630 44.0630 
16.1226 13.1226 3.1226 2.1226 0.1226 8.8774 9.8774 10.8774 20.8774 26.8774 
44.4166 41.4166 31.4166 30.4166 28.4166 19.4166 18.4166 17.4166 7.4166 1.4166 
49.2331 46.2331 36.2331 35.2331 33.2331 24.2331 23.2331 22.2331 12.2331 6.2331 
8.9801 5.9801 4.0199 5.0199 7.0199 16.0199 17.0199 18.0199 28.0199 34.0199 
34.1546 31.1546 21.1546 20.1546 18.1546 9.1546 8.1546 7.1546 2.8454 8.8454 
15.4549 12.4549 2.4549 1.4549 0.5451 9.5451 10.5451 11.5451 21.5451 27.5451 

10
10
50.7575 45.7575 44.7575 41.7575 38.7575 29.7575 25.7575 19.7575 12.7575 7.7575 
6.9776 1.9776 0.9776 2.0224 5.0224 14.0224 18.0224 24.0224 31.0224 36.0224 
18.8367 13.8367 12.8367 9.8367 6.8367 2.1633 6.1633 12.1633 19.1633 24.1633 
19.1485 14.1485 13.1485 10.1485 7.1485 1.8515 5.8515 11.8515 18.8515 23.8515 
14.4491 9.4491 8.4491 5.4491 2.4491 6.5509 10.5509 16.5509 23.5509 28.5509 
5.5883 0.5883 0.4117 3.4117 6.4117 15.4117 19.4117 25.4117 32.4117 37.4117 
15.3744 10.3744 9.3744 6.3744 3.3744 5.6256 9.6256 15.6256 22.6256 27.6256 
27.0229 22.0229 21.0229 18.0229 15.0229 6.0229 2.0229 3.9771 10.9771 15.9771 
34.7505 29.7505 28.7505 25.7505 22.7505 13.7505 9.7505 3.7505 3.2495 8.2495 
10.6069 5.6069 4.6069 1.6069 1.3931 10.3931 14.3931 20.3931 27.3931 32.3931 

10
10
41.6582 31.6582 30.6582 27.6582 26.6582 18.6582 10.6582 9.6582 0.3418 1.3418 
11.7528 1.7528 0.7528 2.2472 3.2472 11.2472 19.2472 20.2472 30.2472 31.2472 
8.0967 1.9033 2.9033 5.9033 6.9033 14.9033 22.9033 23.9033 33.9033 34.9033 
49.2652 39.2652 38.2652 35.2652 34.2652 26.2652 18.2652 17.2652 7.2652 6.2652 
0.3399 9.6601 10.6601 13.6601 14.6601 22.6601 30.6601 31.6601 41.6601 42.6601 
19.8975 9.8975 8.8975 5.8975 4.8975 3.1025 11.1025 12.1025 22.1025 23.1025 
33.1491 23.1491 22.1491 19.1491 18.1491 10.1491 2.1491 1.1491 8.8509 9.8509 
50.8906 40.8906 39.8906 36.8906 35.8906 27.8906 19.8906 18.8906 8.8906 7.8906 
26.1145 16.1145 15.1145 12.1145 11.1145 3.1145 4.8855 5.8855 15.8855 16.8855 
29.2084 19.2084 18.2084 15.2084 14.2084 6.2084 1.7916 2.7916 12.7916 13.7916 

10
10
13.1654 7.1654 5.1654 2.1654 1.1654 7.8346 16.8346 30.8346 31.8346 33.8346 
30.7195 24.7195 22.7195 19.7195 18.7195 9.7195 0.7195 13.2805 14.2805 16.2805 
29.6601 23.6601 21.6601 18.6601 17.6601 8.6601 0.3399 14.3399 15.3399 17.3399 
16.9432 10.9432 8.9432 5.9432 4.9432 4.0568 13.0568 27.0568 28.0568 30.0568 
38.6767 32.6767 30.6767 27.6767 26.6767 17.6767 8.6767 5.3233 6.3233 8.3233 
34.7329 28.7329 26.7329 23.7329 22.7329 13.7329 4.7329 9.2671 10.2671 12.2671 
32.7989 26.7989 24.7989 21.7989 20.7989 11.7989 2.7989 11.2011 12.2011 14.2011 
1.1701 4.8299 6.8299 9.8299 10.8299 19.8299 28.8299 42.8299 43.8299 45.8299 
8.6145 2.6145 0.6145 2.3855 3.3855 12.3855 21.3855 35.3855 36.3855 38.3855 
38.2133 32.2133 30.2133 27.2133 26.2133 17.2133 8.2133 5.7867 6.7867 8.7867 

10
10
25.0072 14.0072 10.0072 3.0072 2.0072 2.9928 3.9928 7.9928 12.9928 17.9928 
0.3848 11.3848 15.3848 22.3848 23.3848 28.3848 29.3848 33.3848 38.3848 43.3848 
45.7900 34.7900 30.7900 23.7900 22.7900 17.7900 16.7900 12.7900 7.7900 2.7900 
30.4451 19.4451 15.4451 8.4451 7.4451 2.4451 1.4451 2.5549 7.5549 12.5549 
1.7159 9.2841 13.2841 20.2841 21.2841 26.2841 27.2841 31.2841 36.2841 41.2841 
51.2715 40.2715 36.2715 29.2715 28.2715 23.2715 22.2715 18.2715 13.2715 8.2715 
16.3781 5.3781 1.3781 5.6219 6.6219 11.6219 12.6219 16.6219 21.6219 26.6219 
18.5467 7.5467 3.5467 3.4533 4.4533 9.4533 10.4533 14.4533 19.4533 24.4533 
26.7402 15.7402 11.7402 4.7402 3.7402 1.2598 2.2598 6.2598 11.2598 16.2598 
5.8877 5.1123 9.1123 16.1123 17.1123 22.1123 23.1123 27.1123 32.1123 37.1123 

10
10
36.4294 34.4294 30.4294 24.4294 22.4294 21.4294 17.4294 11.4294 4.4294 0.5706 
32.1598 30.1598 26.1598 20.1598 18.1598 17.1598 13.1598 7.1598 0.1598 4.8402 
4.6132 2.6132 1.3868 7.3868 9.3868 10.3868 14.3868 20.3868 27.3868 32.3868 
27.0871 25.0871 21.0871 15.0871 13.0871 12.0871 8.0871 2.0871 4.9129 9.9129 
13.0967 11.0967 7.0967 1.0967 0.9033 1.9033 5.9033 11.9033 18.9033 23.9033 
3.0418 1.0418 2.9582 8.9582 10.9582 11.9582 15.9582 21.9582 28.9582 33.9582 
11.5561 9.5561 5.5561 0.4439 2.4439 3.4439 7.4439 13.4439 20.4439 25.4439 
6.7008 4.7008 0.7008 5.2992 7.2992 8.2992 12.2992 18.2992 25.2992 30.2992 
45.5600 43.5600 39.5600 33.5600 31.5600 30.5600 26.5600 20.5600 13.5600 8.5600 
40.3487 38.3487 34.3487 28.3487 26.3487 25.3487 21.3487 15.3487 8.3487 3.3487 

10
10
13.5371 9.5371 2.5371 4.4629 6.4629 8.4629 13.4629 14.4629 29.4629 31.4629 
32.8826 28.8826 21.8826 14.8826 12.8826 10.8826 5.8826 4.8826 10.1174 12.1174 
25.8143 21.8143 14.8143 7.8143 5.8143 3.8143 1.1857 2.1857 17.1857 19.1857 
4.9263 0.9263 6.0737 13.0737 15.0737 17.0737 22.0737 23.0737 38.0737 40.0737 
2.0245 1.9755 8.9755 15.9755 17.9755 19.9755 24.9755 25.9755 40.9755 42.9755 
10.6070 6.6070 0.3930 7.3930 9.3930 11.3930 16.3930 17.3930 32.3930 34.3930 
36.2783 32.2783 25.2783 18.2783 16.2783 14.2783 9.2783 8.2783 6.7217 8.7217 
4.6218 0.6218 6.3782 13.3782 15.3782 17.3782 22.3782 23.3782 38.3782 40.3782 
35.4882 31.4882 24.4882 17.4882 15.4882 13.4882 8.4882 7.4882 7.5118 9.5118 
10.6791 6.6791 0.3209 7.3209 9.3209 11.3209 16.3209 17.3209 32.3209 34.3209 

10
10
3.6747 1.3253 5.3253 7.3253 12.3253 15.3253 16.3253 17.3253 18.3253 26.3253 
18.9923 13.9923 9.9923 7.9923 2.9923 0.0077 1.0077 2.0077 3.0077 11.0077 
42.7609 37.7609 33.7609 31.7609 26.7609 23.7609 22.7609 21.7609 20.7609 12.7609 
34.2310 29.2310 25.2310 23.2310 18.2310 15.2310 14.2310 13.2310 12.2310 4.2310 
21.8466 16.8466 12.8466 10.8466 5.8466 2.8466 1.8466 0.8466 0.1534 8.1534 
31.6060 26.6060 22.6060 20.6060 15.6060 12.6060 11.6060 10.6060 9.6060 1.6060 
26.1502 21.1502 17.1502 15.1502 10.1502 7.1502 6.1502 5.1502 4.1502 3.8498 
25.7523 20.7523 16.7523 14.7523 9.7523 6.7523 5.7523 4.7523 3.7523 4.2477 
19.5088 14.5088 10.5088 8.5088 3.5088 0.5088 0.4912 1.4912 2.4912 10.4912 
42.2652 37.2652 33.2652 31.2652 26.2652 23.2652 22.2652 21.2652 20.2652 12.2652 

10
10
37.8160 36.8160 27.8160 26.8160 24.8160 17.8160 15.8160 12.8160 11.8160 4.8160 
30.9912 29.9912 20.9912 19.9912 17.9912 10.9912 8.9912 5.9912 4.9912 2.0088 
5.4857 6.4857 15.4857 16.4857 18.4857 25.4857 27.4857 30.4857 31.4857 38.4857 
8.4533 9.4533 18.4533 19.4533 21.4533 28.4533 30.4533 33.4533 34.4533 41.4533 
33.3353 32.3353 23.3353 22.3353 20.3353 13.3353 11.3353 8.3353 7.3353 0.3353 
33.5101 32.5101 23.5101 22.5101 20.5101 13.5101 11.5101 8.5101 7.5101 0.5101 
18.8673 17.8673 8.8673 7.8673 5.8673 1.1327 3.1327 6.1327 7.1327 14.1327 
19.4090 18.4090 9.4090 8.4090 6.4090 0.5910 2.5910 5.5910 6.5910 13.5910 
27.0822 26.0822 17.0822 16.0822 14.0822 7.0822 5.0822 2.0822 1.0822 5.9178 
2.8641 3.8641 12.8641 13.8641 15.8641 22.8641 24.8641 27.8641 28.8641 35.8641 

10
10
40.8031 37.8031 33.8031 26.8031 25.8031 11.8031 10.8031 8.8031 4.8031 1.8031 
5.5810 2.5810 1.4190 8.4190 9.4190 23.4190 24.4190 26.4190 30.4190 33.4190 
38.0058 35.0058 31.0058 24.0058 23.0058 9.0058 8.0058 6.0058 2.0058 0.9942 
7.3013 4.3013 0.3013 6.6987 7.6987 21.6987 22.6987 24.6987 28.6987 31.6987 
18.1320 15.1320 11.1320 4.1320 3.1320 10.8680 11.8680 13.8680 17.8680 20.8680 
30.1572 27.1572 23.1572 16.1572 15.1572 1.1572 0.1572 1.8428 5.8428 8.8428 
0.9882 2.0118 6.0118 13.0118 14.0118 28.0118 29.0118 31.0118 35.0118 38.0118 
51.9274 48.9274 44.9274 37.9274 36.9274 22.9274 21.9274 19.9274 15.9274 12.9274 
23.1514 20.1514 16.1514 9.1514 8.1514 5.8486 6.8486 8.8486 12.8486 15.8486 
3.1696 0.1696 3.8304 10.8304 11.8304 25.8304 26.8304 28.8304 32.8304 35.8304 

10
10
21.0892 19.0892 18.0892 13.0892 10.0892 3.0892 4.9108 8.9108 21.9108 26.9108 
52.5685 50.5685 49.5685 44.5685 41.5685 34.5685 26.5685 22.5685 9.5685 4.5685 
43.1563 41.1563 40.1563 35.1563 32.1563 25.1563 17.1563 13.1563 0.1563 4.8437 
19.5292 17.5292 16.5292 11.5292 8.5292 1.5292 6.4708 10.4708 23.4708 28.4708 
9.7396 7.7396 6.7396 1.7396 1.2604 8.2604 16.2604 20.2604 33.2604 38.2604 
36.4292 34.4292 33.4292 28.4292 25.4292 18.4292 10.4292 6.4292 6.5708 11.5708 
20.8338 18.8338 17.8338 12.8338 9.8338 2.8338 5.1662 9.1662 22.1662 27.1662 
9.8400 7.8400 6.8400 1.8400 1.1600 8.1600 16.1600 20.1600 33.1600 38.1600 
2.7474 0.7474 0.2526 5.2526 8.2526 15.2526 23.2526 27.2526 40.2526 45.2526 
29.6604 27.6604 26.6604 21.6604 18.6604 11.6604 3.6604 0.3396 13.3396 18.3396 

10
10
40.0165 39.0165 32.0165 29.0165 24.0165 18.0165 13.0165 12.0165 1.9835 3.9835 
33.7313 32.7313 25.7313 22.7313 17.7313 11.7313 6.7313 5.7313 8.2687 10.2687 
18.2414 17.2414 10.2414 7.2414 2.2414 3.7586 8.7586 9.7586 23.7586 25.7586 
33.8839 32.8839 25.8839 22.8839 17.8839 11.8839 6.8839 5.8839 8.1161 10.1161 
4.7707 3.7707 3.2293 6.2293 11.2293 17.2293 22.2293 23.2293 37.2293 39.2293 
39.8402 38.8402 31.8402 28.8402 23.8402 17.8402 12.8402 11.8402 2.1598 4.1598 
0.4232 1.4232 8.4232 11.4232 16.4232 22.4232 27.4232 28.4232 42.4232 44.4232 
27.3622 26.3622 19.3622 16.3622 11.3622 5.3622 0.3622 0.6378 14.6378 16.6378 
26.2387 25.2387 18.2387 15.2387 10.2387 4.2387 0.7613 1.7613 15.7613 17.7613 
19.3798 18.3798 11.3798 8.3798 3.3798 2.6202 7.6202 8.6202 22.6202 24.6202 

10
10
48.0286 40.0286 38.0286 37.0286 17.0286 12.0286 9.0286 7.0286 3.0286 1.0286 
15.0732 7.0732 5.0732 4.0732 15.9268 20.9268 23.9268 25.9268 29.9268 31.9268 
1.8477 9.8477 11.8477 12.8477 32.8477 37.8477 40.8477 42.8477 46.8477 48.8477 
30.8208 22.8208 20.8208 19.8208 0.1792 5.1792 8.1792 10.1792 14.1792 16.1792 
48.8295 40.8295 38.8295 37.8295 17.8295 12.8295 9.8295 7.8295 3.8295 1.8295 
51.2351 43.2351 41.2351 40.2351 20.2351 15.2351 12.2351 10.2351 6.2351 4.2351 
49.7972 41.7972 39.7972 38.7972 18.7972 13.7972 10.7972 8.7972 4.7972 2.7972 
14.8490 6.8490 4.8490 3.8490 16.1510 21.1510 24.1510 26.1510 30.1510 32.1510 
37.1892 29.1892 27.1892 26.1892 6.1892 1.1892 1.8108 3.8108 7.8108 9.8108 
49.6503 41.6503 39.6503 38.6503 18.6503 13.6503 10.6503 8.6503 4.6503 2.6503 

10
10
35.9877 29.9877 27.9877 21.9877 15.9877 14.9877 10.9877 8.9877 5.9877 2.9877 
17.7819 11.7819 9.7819 3.7819 2.2181 3.2181 7.2181 9.2181 12.2181 15.2181 
1.1365 7.1365 9.1365 15.1365 21.1365 22.1365 26.1365 28.1365 31.1365 34.1365 
11.0179 5.0179 3.0179 2.9821 8.9821 9.9821 13.9821 15.9821 18.9821 21.9821 
16.9080 10.9080 8.9080 2.9080 3.0920 4.0920 8.0920 10.0920 13.0920 16.0920 
22.9003 16.9003 14.9003 8.9003 2.9003 1.9003 2.0997 4.0997 7.0997 10.0997 
4.2316 1.7684 3.7684 9.7684 15.7684 16.7684 20.7684 22.7684 25.7684 28.7684 
30.4069 24.4069 22.4069 16.4069 10.4069 9.4069 5.4069 3.4069 0.4069 2.5931 
45.7552 39.7552 37.7552 31.7552 25.7552 24.7552 20.7552 18.7552 15.7552 12.7552 
3.6659 9.6659 11.6659 17.6659 23.6659 24.6659 28.6659 30.6659 33.6659 36.6659 

10
10
45.0008 42.0008 41.0008 40.0008 34.0008 24.0008 20.0008 13.0008 9.0008 7.0008 
27.8382 24.8382 23.8382 22.8382 16.8382 6.8382 2.8382 4.1618 8.1618 10.1618 
3.7421 0.7421 0.2579 1.2579 7.2579 17.2579 21.2579 28.2579 32.2579 34.2579 
47.2369 44.2369 43.2369 42.2369 36.2369 26.2369 22.2369 15.2369 11.2369 9.2369 
0.2412 3.2412 4.2412 5.2412 11.2412 21.2412 25.2412 32.2412 36.2412 38.2412 
22.6945 19.6945 18.6945 17.6945 11.6945 1.6945 2.3055 9.3055 13.3055 15.3055 
47.4253 44.4253 43.4253 42.4253 36.4253 26.4253 22.4253 15.4253 11.4253 9.4253 
4.4789 1.4789 0.4789 0.5211 6.5211 16.5211 20.5211 27.5211 31.5211 33.5211 
5.6380 2.6380 1.6380 0.6380 5.3620 15.3620 19.3620 26.3620 30.3620 32.3620 
9.8501 6.8501 5.8501 4.8501 1.1499 11.1499 15.1499 22.1499 26.1499 28.1499 

10
10
12.2661 3.2661 2.2661 0.7339 3.7339 8.7339 12.7339 17.7339 22.7339 27.7339 
52.3890 43.3890 42.3890 39.3890 36.3890 31.3890 27.3890 22.3890 17.3890 12.3890 
7.0779 1.9221 2.9221 5.9221 8.9221 13.9221 17.9221 22.9221 27.9221 32.9221 
22.4425 13.4425 12.4425 9.4425 6.4425 1.4425 2.5575 7.5575 12.5575 17.5575 
0.3887 8.6113 9.6113 12.6113 15.6113 20.6113 24.6113 29.6113 34.6113 39.6113 
25.9087 16.9087 15.9087 12.9087 9.9087 4.9087 0.9087 4.0913 9.0913 14.0913 
50.5147 41.5147 40.5147 37.5147 34.5147 29.5147 25.5147 20.5147 15.5147 10.5147 
31.8517 22.8517 21.8517 18.8517 15.8517 10.8517 6.8517 1.8517 3.1483 8.1483 
35.1267 26.1267 25.1267 22.1267 19.1267 14.1267 10.1267 5.1267 0.1267 4.8733 
6.2387 2.7613 3.7613 6.7613 9.7613 14.7613 18.7613 23.7613 28.7613 33.7613 

10
10
46.2283 38.2283 37.2283 33.2283 30.2283 21.2283 12.2283 11.2283 8.2283 1.2283 
22.5096 14.5096 13.5096 9.5096 6.5096 2.4904 11.4904 12.4904 15.4904 22.4904 
14.6244 6.6244 5.6244 1.6244 1.3756 10.3756 19.3756 20.3756 23.3756 30.3756 
26.9359 18.9359 17.9359 13.9359 10.9359 1.9359 7.0641 8.0641 11.0641 18.0641 
22.9609 14.9609 13.9609 9.9609 6.9609 2.0391 11.0391 12.0391 15.0391 22.0391 
25.6529 17.6529 16.6529 12.6529 9.6529 0.6529 8.3471 9.3471 12.3471 19.3471 
52.9111 44.9111 43.9111 39.9111 36.9111 27.9111 18.9111 17.9111 14.9111 7.9111 
8.8157 0.8157 0.1843 4.1843 7.1843 16.1843 25.1843 26.1843 29.1843 36.1843 
32.6286 24.6286 23.6286 19.6286 16.6286 7.6286 1.3714 2.3714 5.3714 12.3714 
24.9637 16.9637 15.9637 11.9637 8.9637 0.0363 9.0363 10.0363 13.0363 20.0363 

10
10
1.5381 0.4619 1.4619 7.4619 8.4619 15.4619 21.4619 25.4619 33.4619 38.4619 
27.2989 25.2989 24.2989 18.2989 17.2989 10.2989 4.2989 0.2989 7.7011 12.7011 
45.6170 43.6170 42.6170 36.6170 35.6170 28.6170 22.6170 18.6170 10.6170 5.6170 
51.1144 49.1144 48.1144 42.1144 41.1144 34.1144 28.1144 24.1144 16.1144 11.1144 
10.2248 8.2248 7.2248 1.2248 0.2248 6.7752 12.7752 16.7752 24.7752 29.7752 
32.0861 30.0861 29.0861 23.0861 22.0861 15.0861 9.0861 5.0861 2.9139 7.9139 
40.1350 38.1350 37.1350 31.1350 30.1350 23.1350 17.1350 13.1350 5.1350 0.1350 
4.9823 2.9823 1.9823 4.0177 5.0177 12.0177 18.0177 22.0177 30.0177 35.0177 
4.7319 2.7319 1.7319 4.2681 5.2681 12.2681 18.2681 22.2681 30.2681 35.2681 
25.6196 23.6196 22.6196 16.6196 15.6196 8.6196 2.6196 1.3804 9.3804 14.3804 

10
10
21.8896 20.8896 8.8896 4.8896 0.1104 10.1104 12.1104 15.1104 20.1104 24.1104 
42.4480 41.4480 29.4480 25.4480 20.4480 10.4480 8.4480 5.4480 0.4480 3.5520 
51.9012 50.9012 38.9012 34.9012 29.9012 19.9012 17.9012 14.9012 9.9012 5.9012 
44.6923 43.6923 31.6923 27.6923 22.6923 12.6923 10.6923 7.6923 2.6923 1.3077 
21.5555 20.5555 8.5555 4.5555 0.4445 10.4445 12.4445 15.4445 20.4445 24.4445 
41.7753 40.7753 28.7753 24.7753 19.7753 9.7753 7.7753 4.7753 0.2247 4.2247 
49.0396 48.0396 36.0396 32.0396 27.0396 17.0396 15.0396 12.0396 7.0396 3.0396 
0.8171 1.8171 13.8171 17.8171 22.8171 32.8171 34.8171 37.8171 42.8171 46.8171 
44.9911 43.9911 31.9911 27.9911 22.9911 12.9911 10.9911 7.9911 2.9911 1.0089 
33.9811 32.9811 20.9811 16.9811 11.9811 1.9811 0.0189 3.0189 8.0189 12.0189 

10
10
3.2702 1.7298 5.7298 6.7298 12.7298 13.7298 15.7298 22.7298 30.7298 42.7298 
0.4473 4.5527 8.5527 9.5527 15.5527 16.5527 18.5527 25.5527 33.5527 45.5527 
0.1177 4.8823 8.8823 9.8823 15.8823 16.8823 18.8823 25.8823 33.8823 45.8823 
13.8610 8.8610 4.8610 3.8610 2.1390 3.1390 5.1390 12.1390 20.1390 32.1390 
43.2529 38.2529 34.2529 33.2529 27.2529 26.2529 24.2529 17.2529 9.2529 2.7471 
31.7920 26.7920 22.7920 21.7920 15.7920 14.7920 12.7920 5.7920 2.2080 14.2080 
19.5222 14.5222 10.5222 9.5222 3.5222 2.5222 0.5222 6.4778 14.4778 26.4778 
13.1974 8.1974 4.1974 3.1974 2.8026 3.8026 5.8026 12.8026 20.8026 32.8026 
8.6198 3.6198 0.3802 1.3802 7.3802 8.3802 10.3802 17.3802 25.3802 37.3802 
44.0403 39.0403 35.0403 34.0403 28.0403 27.0403 25.0403 18.0403 10.0403 1.9597 

10
10
20.0772 3.0772 5.9228 6.9228 9.9228 10.9228 11.9228 15.9228 21.9228 23.9228 
1.1949 15.8051 24.8051 25.8051 28.8051 29.8051 30.8051 34.8051 40.8051 42.8051 
33.4445 16.4445 7.4445 6.4445 3.4445 2.4445 1.4445 2.5555 8.5555 10.5555 
44.7139 27.7139 18.7139 17.7139 14.7139 13.7139 12.7139 8.7139 2.7139 0.7139 
50.8788 33.8788 24.8788 23.8788 20.8788 19.8788 18.8788 14.8788 8.8788 6.8788 
47.5784 30.5784 21.5784 20.5784 17.5784 16.5784 15.5784 11.5784 5.5784 3.5784 
0.0353 16.9647 25.9647 26.9647 29.9647 30.9647 31.9647 35.9647 41.9647 43.9647 
31.9611 14.9611 5.9611 4.9611 1.9611 0.9611 0.0389 4.0389 10.0389 12.0389 
28.7136 11.7136 2.7136 1.7136 1.2864 2.2864 3.2864 7.2864 13.2864 15.2864 
1.0380 18.0380 27.0380 28.0380 31.0380 32.0380 33.0380 37.0380 43.0380 45.0380 

10
10
12.2211 10.2211 3.2211 1.2211 4.7789 13.7789 14.7789 22.7789 23.7789 25.7789 
2.4130 4.4130 11.4130 13.4130 19.4130 28.4130 29.4130 37.4130 38.4130 40.4130 
0.8756 2.8756 9.8756 11.8756 17.8756 26.8756 27.8756 35.8756 36.8756 38.8756 
46.9526 44.9526 37.9526 35.9526 29.9526 20.9526 19.9526 11.9526 10.9526 8.9526 
45.4356 43.4356 36.4356 34.4356 28.4356 19.4356 18.4356 10.4356 9.4356 7.4356 
27.5391 25.5391 18.5391 16.5391 10.5391 1.5391 0.5391 7.4609 8.4609 10.4609 
35.8431 33.8431 26.8431 24.8431 18.8431 9.8431 8.8431 0.8431 0.1569 2.1569 
6.1253 4.1253 2.8747 4.8747 10.8747 19.8747 20.8747 28.8747 29.8747 31.8747 
4.8789 2.8789 4.1211 6.1211 12.1211 21.1211 22.1211 30.1211 31.1211 33.1211 
21.3884 19.3884 12.3884 10.3884 4.3884 4.6116 5.6116 13.6116 14.6116 16.6116 

10
10
19.9847 18.9847 7.9847 5.9847 3.9847 0.9847 0.0153 4.0153 9.0153 18.0153 
17.6648 16.6648 5.6648 3.6648 1.6648 1.3352 2.3352 6.3352 11.3352 20.3352 
35.1396 34.1396 23.1396 21.1396 19.1396 16.1396 15.1396 11.1396 6.1396 2.8604 
0.8772 1.8772 12.8772 14.8772 16.8772 19.8772 20.8772 24.8772 29.8772 38.8772 
12.6063 11.6063 0.6063 1.3937 3.3937 6.3937 7.3937 11.3937 16.3937 25.3937 
3.2412 2.2412 8.7588 10.7588 12.7588 15.7588 16.7588 20.7588 25.7588 34.7588 
19.9418 18.9418 7.9418 5.9418 3.9418 0.9418 0.0582 4.0582 9.0582 18.0582 
45.0881 44.0881 33.0881 31.0881 29.0881 26.0881 25.0881 21.0881 16.0881 7.0881 
34.4183 33.4183 22.4183 20.4183 18.4183 15.4183 14.4183 10.4183 5.4183 3.5817 
35.9700 34.9700 23.9700 21.9700 19.9700 16.9700 15.9700 11.9700 6.9700 2.0300 

10
10
39.6488 38.6488 27.6488 16.6488 13.6488 8.6488 7.6488 2.6488 0.6488 2.3512 
32.5071 31.5071 20.5071 9.5071 6.5071 1.5071 0.5071 4.4929 6.4929 9.4929 
4.3971 3.3971 7.6029 18.6029 21.6029 26.6029 27.6029 32.6029 34.6029 37.6029 
51.4408 50.4408 39.4408 28.4408 25.4408 20.4408 19.4408 14.4408 12.4408 9.4408 
51.3519 50.3519 39.3519 28.3519 25.3519 20.3519 19.3519 14.3519 12.3519 9.3519 
27.8931 26.8931 15.8931 4.8931 1.8931 3.1069 4.1069 9.1069 11.1069 14.1069 
6.4946 5.4946 5.5054 16.5054 19.5054 24.5054 25.5054 30.5054 32.5054 35.5054 
4.8390 3.8390 7.1610 18.1610 21.1610 26.1610 27.1610 32.1610 34.1610 37.1610 
35.8966 34.8966 23.8966 12.8966 9.8966 4.8966 3.8966 1.1034 3.1034 6.1034 
40.7927 39.7927 28.7927 17.7927 14.7927 9.7927 8.7927 3.7927 1.7927 1.2073 

10
10
28.9363 26.9363 22.9363 12.9363 11.9363 1.9363 1.0637 7.0637 8.0637 13.0637 
1.5158 0.4842 4.4842 14.4842 15.4842 25.4842 28.4842 34.4842 35.4842 40.4842 
1.8447 3.8447 7.8447 17.8447 18.8447 28.8447 31.8447 37.8447 38.8447 43.8447 
9.0231 7.0231 3.0231 6.9769 7.9769 17.9769 20.9769 26.9769 27.9769 32.9769 
9.3091 7.3091 3.3091 6.6909 7.6909 17.6909 20.6909 26.6909 27.6909 32.6909 
48.0051 46.0051 42.0051 32.0051 31.0051 21.0051 18.0051 12.0051 11.0051 6.0051 
4.8109 6.8109 10.8109 20.8109 21.8109 31.8109 34.8109 40.8109 41.8109 46.8109 
42.3415 40.3415 36.3415 26.3415 25.3415 15.3415 12.3415 6.3415 5.3415 0.3415 
45.2161 43.2161 39.2161 29.2161 28.2161 18.2161 15.2161 9.2161 8.2161 3.2161 
31.7348 29.7348 25.7348 15.7348 14.7348 4.7348 1.7348 4.2652 5.2652 10.2652 

10
10
16.8175 15.8175 2.1825 5.1825 8.1825 13.1825 15.1825 18.1825 19.1825 23.1825 
38.8631 37.8631 19.8631 16.8631 13.8631 8.8631 6.8631 3.8631 2.8631 1.1369 
23.7706 22.7706 4.7706 1.7706 1.2294 6.2294 8.2294 11.2294 12.2294 16.2294 
12.6997 11.6997 6.3003 9.3003 12.3003 17.3003 19.3003 22.3003 23.3003 27.3003 
13.4569 12.4569 5.5431 8.5431 11.5431 16.5431 18.5431 21.5431 22.5431 26.5431 
33.8720 32.8720 14.8720 11.8720 8.8720 3.8720 1.8720 1.1280 2.1280 6.1280 
48.3809 47.3809 29.3809 26.3809 23.3809 18.3809 16.3809 13.3809 12.3809 8.3809 
13.1118 12.1118 5.8882 8.8882 11.8882 16.8882 18.8882 21.8882 22.8882 26.8882 
50.5330 49.5330 31.5330 28.5330 25.5330 20.5330 18.5330 15.5330 14.5330 10.5330 
21.8394 20.8394 2.8394 0.1606 3.1606 8.1606 10.1606 13.1606 14.1606 18.1606 

10
10
12.3358 11.3358 0.3358 2.6642 3.6642 4.6642 16.6642 18.6642 22.6642 30.6642 
12.9412 11.9412 0.9412 2.0588 3.0588 4.0588 16.0588 18.0588 22.0588 30.0588 
48.6342 47.6342 36.6342 33.6342 32.6342 31.6342 19.6342 17.6342 13.6342 5.6342 
14.3071 13.3071 2.3071 0.6929 1.6929 2.6929 14.6929 16.6929 20.6929 28.6929 
47.9062 46.9062 35.9062 32.9062 31.9062 30.9062 18.9062 16.9062 12.9062 4.9062 
4.8557 5.8557 16.8557 19.8557 20.8557 21.8557 33.8557 35.8557 39.8557 47.8557 
0.7363 0.2637 11.2637 14.2637 15.2637 16.2637 28.2637 30.2637 34.2637 42.2637 
34.4508 33.4508 22.4508 19.4508 18.4508 17.4508 5.4508 3.4508 0.5492 8.5492 
23.0488 22.0488 11.0488 8.0488 7.0488 6.0488 5.9512 7.9512 11.9512 19.9512 
40.1685 39.1685 28.1685 25.1685 24.1685 23.1685 11.1685 9.1685 5.1685 2.8315 

10
10
32.7830 31.7830 23.7830 19.7830 16.7830 13.7830 12.7830 5.7830 0.2170 5.2170 
11.4358 10.4358 2.4358 1.5642 4.5642 7.5642 8.5642 15.5642 21.5642 26.5642 
39.2620 38.2620 30.2620 26.2620 23.2620 20.2620 19.2620 12.2620 6.2620 1.2620 
3.6045 4.6045 12.6045 16.6045 19.6045 22.6045 23.6045 30.6045 36.6045 41.6045 
37.1551 36.1551 28.1551 24.1551 21.1551 18.1551 17.1551 10.1551 4.1551 0.8449 
30.2586 29.2586 21.2586 17.2586 14.2586 11.2586 10.2586 3.2586 2.7414 7.7414 
25.5083 24.5083 16.5083 12.5083 9.5083 6.5083 5.5083 1.4917 7.4917 12.4917 
31.8194 30.8194 22.8194 18.8194 15.8194 12.8194 11.8194 4.8194 1.1806 6.1806 
38.2947 37.2947 29.2947 25.2947 22.2947 19.2947 18.2947 11.2947 5.2947 0.2947 
42.0630 41.0630 33.0630 29.0630 26.0630 23.0630 22.0630 15.0630 9.0630 4.0630 

10
10
31.2516 22.2516 18.2516 8.2516 3.2516 0.2516 0.7484 2.7484 5.7484 6.7484 
30.8850 21.8850 17.8850 7.8850 2.8850 0.1150 1.1150 3.1150 6.1150 7.1150 
11.5406 2.5406 1.4594 11.4594 16.4594 19.4594 20.4594 22.4594 25.4594 26.4594 
6.8766 2.1234 6.1234 16.1234 21.1234 24.1234 25.1234 27.1234 30.1234 31.1234 
24.4074 15.4074 11.4074 1.4074 3.5926 6.5926 7.5926 9.5926 12.5926 13.5926 
11.6881 2.6881 1.3119 11.3119 16.3119 19.3119 20.3119 22.3119 25.3119 26.3119 
38.6787 29.6787 25.6787 15.6787 10.6787 7.6787 6.6787 4.6787 1.6787 0.6787 
50.1986 41.1986 37.1986 27.1986 22.1986 19.1986 18.1986 16.1986 13.1986 12.1986 
18.2595 9.2595 5.2595 4.7405 9.7405 12.7405 13.7405 15.7405 18.7405 19.7405 
1.7126 7.2874 11.2874 21.2874 26.2874 29.2874 30.2874 32.2874 35.2874 36.2874 

10
10
31.1090 30.1090 24.1090 22.1090 5.1090 2.1090 1.1090 0.1090 2.8910 8.8910 
6.5676 5.5676 0.4324 2.4324 19.4324 22.4324 23.4324 24.4324 27.4324 33.4324 
18.3272 17.3272 11.3272 9.3272 7.6728 10.6728 11.6728 12.6728 15.6728 21.6728 
1.5280 0.5280 5.4720 7.4720 24.4720 27.4720 28.4720 29.4720 32.4720 38.4720 
44.1497 43.1497 37.1497 35.1497 18.1497 15.1497 14.1497 13.1497 10.1497 4.1497 
39.9943 38.9943 32.9943 30.9943 13.9943 10.9943 9.9943 8.9943 5.9943 0.0057 
0.4314 0.5686 6.5686 8.5686 25.5686 28.5686 29.5686 30.5686 33.5686 39.5686 
30.4441 29.4441 23.4441 21.4441 4.4441 1.4441 0.4441 0.5559 3.5559 9.5559 
29.5746 28.5746 22.5746 20.5746 3.5746 0.5746 0.4254 1.4254 4.4254 10.4254 
49.2630 48.2630 42.2630 40.2630 23.2630 20.2630 19.2630 18.2630 15.2630 9.2630 

10
10
50.8837 48.8837 47.8837 46.8837 39.8837 33.8837 11.8837 10.8837 9.8837 7.8837 
11.1883 9.1883 8.1883 7.1883 0.1883 5.8117 27.8117 28.8117 29.8117 31.8117 
47.2025 45.2025 44.2025 43.2025 36.2025 30.2025 8.2025 7.2025 6.2025 4.2025 
18.1217 16.1217 15.1217 14.1217 7.1217 1.1217 20.8783 21.8783 22.8783 24.8783 
21.3312 19.3312 18.3312 17.3312 10.3312 4.3312 17.6688 18.6688 19.6688 21.6688 
0.5921 1.4079 2.4079 3.4079 10.4079 16.4079 38.4079 39.4079 40.4079 42.4079 
24.6817 22.6817 21.6817 20.6817 13.6817 7.6817 14.3183 15.3183 16.3183 18.3183 
33.5854 31.5854 30.5854 29.5854 22.5854 16.5854 5.4146 6.4146 7.4146 9.4146 
11.8246 9.8246 8.8246 7.8246 0.8246 5.1754 27.1754 28.1754 29.1754 31.1754 
38.4528 36.4528 35.4528 34.4528 27.4528 21.4528 0.5472 1.5472 2.5472 4.5472 

10
10
14.6664 11.6664 9.6664 8.6664 2.6664 7.3336 10.3336 16.3336 19.3336 25.3336 
45.0264 42.0264 40.0264 39.0264 33.0264 23.0264 20.0264 14.0264 11.0264 5.0264 
1.8019 4.8019 6.8019 7.8019 13.8019 23.8019 26.8019 32.8019 35.8019 41.8019 
3.9373 0.9373 1.0627 2.0627 8.0627 18.0627 21.0627 27.0627 30.0627 36.0627 
3.0940 0.0940 1.9060 2.9060 8.9060 18.9060 21.9060 27.9060 30.9060 36.9060 
13.7784 10.7784 8.7784 7.7784 1.7784 8.2216 11.2216 17.2216 20.2216 26.2216 
44.2101 41.2101 39.2101 38.2101 32.2101 22.2101 19.2101 13.2101 10.2101 4.2101 
50.3431 47.3431 45.3431 44.3431 38.3431 28.3431 25.3431 19.3431 16.3431 10.3431 
18.8621 15.8621 13.8621 12.8621 6.8621 3.1379 6.1379 12.1379 15.1379 21.1379 
25.8590 22.8590 20.8590 19.8590 13.8590 3.8590 0.8590 5.1410 8.1410 14.1410 

10
10
8.5140 7.5140 6.5140 1.5140 8.4860 10.4860 14.4860 16.4860 19.4860 26.4860 
6.8901 5.8901 4.8901 0.1099 10.1099 12.1099 16.1099 18.1099 21.1099 28.1099 
21.6305 20.6305 19.6305 14.6305 4.6305 2.6305 1.3695 3.3695 6.3695 13.3695 
4.8563 3.8563 2.8563 2.1437 12.1437 14.1437 18.1437 20.1437 23.1437 30.1437 
40.5205 39.5205 38.5205 33.5205 23.5205 21.5205 17.5205 15.5205 12.5205 5.5205 
39.2404 38.2404 37.2404 32.2404 22.2404 20.2404 16.2404 14.2404 11.2404 4.2404 
6.3952 5.3952 4.3952 0.6048 10.6048 12.6048 16.6048 18.6048 21.6048 28.6048 
10.4710 9.4710 8.4710 3.4710 6.5290 8.5290 12.5290 14.5290 17.5290 24.5290 
20.9645 19.9645 18.9645 13.9645 3.9645 1.9645 2.0355 4.0355 7.0355 14.0355 
33.1940 32.1940 31.1940 26.1940 16.1940 14.1940 10.1940 8.1940 5.1940 1.8060 

10
10
40.6586 38.6586 37.6586 26.6586 21.6586 14.6586 12.6586 10.6586 2.6586 1.3414 
38.3746 36.3746 35.3746 24.3746 19.3746 12.3746 10.3746 8.3746 0.3746 3.6254 
47.4008 45.4008 44.4008 33.4008 28.4008 21.4008 19.4008 17.4008 9.4008 5.4008 
21.1316 19.1316 18.1316 7.1316 2.1316 4.8684 6.8684 8.8684 16.8684 20.8684 
43.7757 41.7757 40.7757 29.7757 24.7757 17.7757 15.7757 13.7757 5.7757 1.7757 
26.6006 24.6006 23.6006 12.6006 7.6006 0.6006 1.3994 3.3994 11.3994 15.3994 
22.0168 20.0168 19.0168 8.0168 3.0168 3.9832 5.9832 7.9832 15.9832 19.9832 
9.9892 7.9892 6.9892 4.0108 9.0108 16.0108 18.0108 20.0108 28.0108 32.0108 
27.4735 25.4735 24.4735 13.4735 8.4735 1.4735 0.5265 2.5265 10.5265 14.5265 
11.8839 9.8839 8.8839 2.1161 7.1161 14.1161 16.1161 18.1161 26.1161 30.1161 

10
10
0.2322 0.7678 2.7678 15.7678 16.7678 18.7678 20.7678 22.7678 33.7678 35.7678 
29.2823 28.2823 26.2823 13.2823 12.2823 10.2823 8.2823 6.2823 4.7177 6.7177 
3.7586 2.7586 0.7586 12.2414 13.2414 15.2414 17.2414 19.2414 30.2414 32.2414 
45.1538 44.1538 42.1538 29.1538 28.1538 26.1538 24.1538 22.1538 11.1538 9.1538 
2.4166 3.4166 5.4166 18.4166 19.4166 21.4166 23.4166 25.4166 36.4166 38.4166 
13.1184 12.1184 10.1184 2.8816 3.8816 5.8816 7.8816 9.8816 20.8816 22.8816 
3.5731 2.5731 0.5731 12.4269 13.4269 15.4269 17.4269 19.4269 30.4269 32.4269 
10.0127 9.0127 7.0127 5.9873 6.9873 8.9873 10.9873 12.9873 23.9873 25.9873 
6.8258 5.8258 3.8258 9.1742 10.1742 12.1742 14.1742 16.1742 27.1742 29.1742 
14.6594 13.6594 11.6594 1.3406 2.3406 4.3406 6.3406 8.3406 19.3406 21.3406 

10
10
23.8925 20.8925 16.8925 9.8925 4.8925 2.8925 0.8925 2.1075 4.1075 7.1075 
21.0208 18.0208 14.0208 7.0208 2.0208 0.0208 1.9792 4.9792 6.9792 9.9792 
1.9887 4.9887 8.9887 15.9887 20.9887 22.9887 24.9887 27.9887 29.9887 32.9887 
34.3615 31.3615 27.3615 20.3615 15.3615 13.3615 11.3615 8.3615 6.3615 3.3615 
2.3764 0.6236 4.6236 11.6236 16.6236 18.6236 20.6236 23.6236 25.6236 28.6236 
22.1948 19.1948 15.1948 8.1948 3.1948 1.1948 0.8052 3.8052 5.8052 8.8052 
2.4442 5.4442 9.4442 16.4442 21.4442 23.4442 25.4442 28.4442 30.4442 33.4442 
11.6707 8.6707 4.6707 2.3293 7.3293 9.3293 11.3293 14.3293 16.3293 19.3293 
12.2231 9.2231 5.2231 1.7769 6.7769 8.7769 10.7769 13.7769 15.7769 18.7769 
9.9865 6.9865 2.9865 4.0135 9.0135 11.0135 13.0135 16.0135 18.0135 21.0135 

10
10
45.8497 42.8497 40.8497 31.8497 27.8497 25.8497 20.8497 17.8497 5.8497 0.8497 
34.3310 31.3310 29.3310 20.3310 16.3310 14.3310 9.3310 6.3310 5.6690 10.6690 
50.1574 47.1574 45.1574 36.1574 32.1574 30.1574 25.1574 22.1574 10.1574 5.1574 
33.2862 30.2862 28.2862 19.2862 15.2862 13.2862 8.2862 5.2862 6.7138 11.7138 
10.5369 7.5369 5.5369 3.4631 7.4631 9.4631 14.4631 17.4631 29.4631 34.4631 
26.7614 23.7614 21.7614 12.7614 8.7614 6.7614 1.7614 1.2386 13.2386 18.2386 
25.0421 22.0421 20.0421 11.0421 7.0421 5.0421 0.0421 2.9579 14.9579 19.9579 
40.6044 37.6044 35.6044 26.6044 22.6044 20.6044 15.6044 12.6044 0.6044 4.3956 
3.8128 0.8128 1.1872 10.1872 14.1872 16.1872 21.1872 24.1872 36.1872 41.1872 
41.2075 38.2075 36.2075 27.2075 23.2075 21.2075 16.2075 13.2075 1.2075 3.7925 

10
10
21.3666 4.3666 3.3666 1.3666 0.6334 3.6334 4.6334 8.6334 15.6334 16.6334 
51.8346 34.8346 33.8346 31.8346 29.8346 26.8346 25.8346 21.8346 14.8346 13.8346 
47.5082 30.5082 29.5082 27.5082 25.5082 22.5082 21.5082 17.5082 10.5082 9.5082 
51.1543 34.1543 33.1543 31.1543 29.1543 26.1543 25.1543 21.1543 14.1543 13.1543 
28.6629 11.6629 10.6629 8.6629 6.6629 3.6629 2.6629 1.3371 8.3371 9.3371 
35.1099 18.1099 17.1099 15.1099 13.1099 10.1099 9.1099 5.1099 1.8901 2.8901 
52.4863 35.4863 34.4863 32.4863 30.4863 27.4863 26.4863 22.4863 15.4863 14.4863 
38.2097 21.2097 20.2097 18.2097 16.2097 13.2097 12.2097 8.2097 1.2097 0.2097 
5.0439 11.9561 12.9561 14.9561 16.9561 19.9561 20.9561 24.9561 31.9561 32.9561 
12.8019 4.1981 5.1981 7.1981 9.1981 12.1981 13.1981 17.1981 24.1981 25.1981 

10
10
6.7800 0.7800 6.2200 7.2200 8.2200 12.2200 17.2200 24.2200 32.2200 36.2200 
23.4884 17.4884 10.4884 9.4884 8.4884 4.4884 0.5116 7.5116 15.5116 19.5116 
18.0732 12.0732 5.0732 4.0732 3.0732 0.9268 5.9268 12.9268 20.9268 24.9268 
16.1407 10.1407 3.1407 2.1407 1.1407 2.8593 7.8593 14.8593 22.8593 26.8593 
11.9032 5.9032 1.0968 2.0968 3.0968 7.0968 12.0968 19.0968 27.0968 31.0968 
0.9733 5.0267 12.0267 13.0267 14.0267 18.0267 23.0267 30.0267 38.0267 42.0267 
18.0450 12.0450 5.0450 4.0450 3.0450 0.9550 5.9550 12.9550 20.9550 24.9550 
17.2691 11.2691 4.2691 3.2691 2.2691 1.7309 6.7309 13.7309 21.7309 25.7309 
38.0233 32.0233 25.0233 24.0233 23.0233 19.0233 14.0233 7.0233 0.9767 4.9767 
17.4146 11.4146 4.4146 3.4146 2.4146 1.5854 6.5854 13.5854 21.5854 25.5854 

10
10
14.4760 12.4760 7.4760 6.4760 2.5240 4.5240 6.5240 15.5240 17.5240 23.5240 
20.9570 18.9570 13.9570 12.9570 3.9570 1.9570 0.0430 9.0430 11.0430 17.0430 
8.3445 6.3445 1.3445 0.3445 8.6555 10.6555 12.6555 21.6555 23.6555 29.6555 
20.1532 18.1532 13.1532 12.1532 3.1532 1.1532 0.8468 9.8468 11.8468 17.8468 
12.7138 10.7138 5.7138 4.7138 4.2862 6.2862 8.2862 17.2862 19.2862 25.2862 
45.6802 43.6802 38.6802 37.6802 28.6802 26.6802 24.6802 15.6802 13.6802 7.6802 
20.2671 18.2671 13.2671 12.2671 3.2671 1.2671 0.7329 9.7329 11.7329 17.7329 
17.5367 15.5367 10.5367 9.5367 0.5367 1.4633 3.4633 12.4633 14.4633 20.4633 
0.5375 2.5375 7.5375 8.5375 17.5375 19.5375 21.5375 30.5375 32.5375 38.5375 
29.2103 27.2103 22.2103 21.2103 12.2103 10.2103 8.2103 0.7897 2.7897 8.7897 

10
10
5.5653 1.5653 6.4347 7.4347 15.4347 18.4347 19.4347 20.4347 25.4347 33.4347 
9.7207 5.7207 2.2793 3.2793 11.2793 14.2793 15.2793 16.2793 21.2793 29.2793 
5.3965 1.3965 6.6035 7.6035 15.6035 18.6035 19.6035 20.6035 25.6035 33.6035 
1.7270 5.7270 13.7270 14.7270 22.7270 25.7270 26.7270 27.7270 32.7270 40.7270 
9.1996 5.1996 2.8004 3.8004 11.8004 14.8004 15.8004 16.8004 21.8004 29.8004 
4.8397 0.8397 7.1603 8.1603 16.1603 19.1603 20.1603 21.1603 26.1603 34.1603 
27.7796 23.7796 15.7796 14.7796 6.7796 3.7796 2.7796 1.7796 3.2204 11.2204 
41.9076 37.9076 29.9076 28.9076 20.9076 17.9076 16.9076 15.9076 10.9076 2.9076 
40.9407 36.9407 28.9407 27.9407 19.9407 16.9407 15.9407 14.9407 9.9407 1.9407 
43.0967 39.0967 31.0967 30.0967 22.0967 19.0967 18.0967 17.0967 12.0967 4.0967 

