15
15
1.8445 0.8445 0.1555 1.1555 2.1555 3.1555 4.1555 5.1555 6.1555 7.1555 8.1555 9.1555 10.1555 11.1555 12.1555 
8.4721 7.4721 6.4721 5.4721 4.4721 3.4721 2.4721 1.4721 0.4721 0.5279 1.5279 2.5279 3.5279 4.5279 5.5279 
7.0544 6.0544 5.0544 4.0544 3.0544 2.0544 1.0544 0.0544 0.9456 1.9456 2.9456 3.9456 4.9456 5.9456 6.9456 
5.0875 4.0875 3.0875 2.0875 1.0875 0.0875 0.9125 1.9125 2.9125 3.9125 4.9125 5.9125 6.9125 7.9125 8.9125 
9.9678 8.9678 7.9678 6.9678 5.9678 4.9678 3.9678 2.9678 1.9678 0.9678 0.0322 1.0322 2.0322 3.0322 4.0322 
11.4589 10.4589 9.4589 8.4589 7.4589 6.4589 5.4589 4.4589 3.4589 2.4589 1.4589 0.4589 0.5411 1.5411 2.5411 
0.3653 1.3653 2.3653 3.3653 4.3653 5.3653 6.3653 7.3653 8.3653 9.3653 10.3653 11.3653 12.3653 13.3653 14.3653 
9.8556 8.8556 7.8556 6.8556 5.8556 4.8556 3.8556 2.8556 1.8556 0.8556 0.1444 1.1444 2.1444 3.1444 4.1444 
10.7478 9.7478 8.7478 7.7478 6.7478 5.7478 4.7478 3.7478 2.7478 1.7478 0.7478 0.2522 1.2522 2.2522 3.2522 
1.6615 0.6615 0.3385 1.3385 2.3385 3.3385 4.3385 5.3385 6.3385 7.3385 8.3385 9.3385 10.3385 11.3385 12.3385 
0.2575 0.7425 1.7425 2.7425 3.7425 4.7425 5.7425 6.7425 7.7425 8.7425 9.7425 10.7425 11.7425 12.7425 13.7425 
0.5132 0.4868 1.4868 2.4868 3.4868 4.4868 5.4868 6.4868 7.4868 8.4868 9.4868 10.4868 11.4868 12.4868 13.4868 
0.1778 0.8222 1.8222 2.8222 3.8222 4.8222 5.8222 6.8222 7.8222 8.8222 9.8222 10.8222 11.8222 12.8222 13.8222 
3.9484 2.9484 1.9484 0.9484 0.0516 1.0516 2.0516 3.0516 4.0516 5.0516 6.0516 7.0516 8.0516 9.0516 10.0516 
14.4061 13.4061 12.4061 11.4061 10.4061 9.4061 8.4061 7.4061 6.4061 5.4061 4.4061 3.4061 2.4061 1.4061 0.4061 

15
15
2.5643 1.5643 0.5643 0.4357 1.4357 2.4357 3.4357 4.4357 5.4357 6.4357 7.4357 8.4357 9.4357 10.4357 11.4357 
3.0689 2.0689 1.0689 0.0689 0.9311 1.9311 2.9311 3.9311 4.9311 5.9311 6.9311 7.9311 8.9311 9.9311 10.9311 
8.8400 7.8400 6.8400 5.8400 4.8400 3.8400 2.8400 1.8400 0.8400 0.1600 1.1600 2.1600 3.1600 4.1600 5.1600 
9.3804 8.3804 7.3804 6.3804 5.3804 4.3804 3.3804 2.3804 1.3804 0.3804 0.6196 1.6196 2.6196 3.6196 4.6196 
10.5748 9.5748 8.5748 7.5748 6.5748 5.5748 4.5748 3.5748 2.5748 1.5748 0.5748 0.4252 1.4252 2.4252 3.4252 
3.5190 2.5190 1.5190 0.5190 0.4810 1.4810 2.4810 3.4810 4.4810 5.4810 6.4810 7.4810 8.4810 9.4810 10.4810 
12.2023 11.2023 10.2023 9.2023 8.2023 7.2023 6.2023 5.2023 4.2023 3.2023 2.2023 1.2023 0.2023 0.7977 1.7977 
6.1135 5.1135 4.1135 3.1135 2.1135 1.1135 0.1135 0.8865 1.8865 2.8865 3.8865 4.8865 5.8865 6.8865 7.8865 
3.2282 2.2282 1.2282 0.2282 0.7718 1.7718 2.7718 3.7718 4.7718 5.7718 6.7718 7.7718 8.7718 9.7718 10.7718 
7.3404 6.3404 5.3404 4.3404 3.3404 2.3404 1.3404 0.3404 0.6596 1.6596 2.6596 3.6596 4.6596 5.6596 6.6596 
11.0725 10.0725 9.0725 8.0725 7.0725 6.0725 5.0725 4.0725 3.0725 2.0725 1.0725 0.0725 0.9275 1.9275 2.9275 
13.3965 12.3965 11.3965 10.3965 9.3965 8.3965 7.3965 6.3965 5.3965 4.3965 3.3965 2.3965 1.3965 0.3965 0.6035 
6.3307 5.3307 4.3307 3.3307 2.3307 1.3307 0.3307 0.6693 1.6693 2.6693 3.6693 4.6693 5.6693 6.6693 7.6693 
3.4729 2.4729 1.4729 0.4729 0.5271 1.5271 2.5271 3.5271 4.5271 5.5271 6.5271 7.5271 8.5271 9.5271 10.5271 
12.7886 11.7886 10.7886 9.7886 8.7886 7.7886 6.7886 5.7886 4.7886 3.7886 2.7886 1.7886 0.7886 0.2114 1.2114 

15
15
8.8581 7.8581 6.8581 5.8581 4.8581 3.8581 2.8581 1.8581 0.8581 0.1419 1.1419 2.1419 3.1419 4.1419 5.1419 
7.5730 6.5730 5.5730 4.5730 3.5730 2.5730 1.5730 0.5730 0.4270 1.4270 2.4270 3.4270 4.4270 5.4270 6.4270 
5.1762 4.1762 3.1762 2.1762 1.1762 0.1762 0.8238 1.8238 2.8238 3.8238 4.8238 5.8238 6.8238 7.8238 8.8238 
0.0143 1.0143 2.0143 3.0143 4.0143 5.0143 6.0143 7.0143 8.0143 9.0143 10.0143 11.0143 12.0143 13.0143 14.0143 
1.0646 0.0646 0.9354 1.9354 2.9354 3.9354 4.9354 5.9354 6.9354 7.9354 8.9354 9.9354 10.9354 11.9354 12.9354 
6.4923 5.4923 4.4923 3.4923 2.4923 1.4923 0.4923 0.5077 1.5077 2.5077 3.5077 4.5077 5.5077 6.5077 7.5077 
2.0607 1.0607 0.0607 0.9393 1.9393 2.9393 3.9393 4.9393 5.9393 6.9393 7.9393 8.9393 9.9393 10.9393 11.9393 
7.9127 6.9127 5.9127 4.9127 3.9127 2.9127 1.9127 0.9127 0.0873 1.0873 2.0873 3.0873 4.0873 5.0873 6.0873 
1.6175 0.6175 0.3825 1.3825 2.3825 3.3825 4.3825 5.3825 6.3825 7.3825 8.3825 9.3825 10.3825 11.3825 12.3825 
3.2215 2.2215 1.2215 0.2215 0.7785 1.7785 2.7785 3.7785 4.7785 5.7785 6.7785 7.7785 8.7785 9.7785 10.7785 
12.7820 11.7820 10.7820 9.7820 8.7820 7.7820 6.7820 5.7820 4.7820 3.7820 2.7820 1.7820 0.7820 0.2180 1.2180 
4.9135 3.9135 2.9135 1.9135 0.9135 0.0865 1.0865 2.0865 3.0865 4.0865 5.0865 6.0865 7.0865 8.0865 9.0865 
7.1456 6.1456 5.1456 4.1456 3.1456 2.1456 1.1456 0.1456 0.8544 1.8544 2.8544 3.8544 4.8544 5.8544 6.8544 
2.2536 1.2536 0.2536 0.7464 1.7464 2.7464 3.7464 4.7464 5.7464 6.7464 7.7464 8.7464 9.7464 10.7464 11.7464 
7.4877 6.4877 5.4877 4.4877 3.4877 2.4877 1.4877 0.4877 0.5123 1.5123 2.5123 3.5123 4.5123 5.5123 6.5123 

15
15
9.8084 8.8084 7.8084 6.8084 5.8084 4.8084 3.8084 2.8084 1.8084 0.8084 0.1916 1.1916 2.1916 3.1916 4.1916 
6.6022 5.6022 4.6022 3.6022 2.6022 1.6022 0.6022 0.3978 1.3978 2.3978 3.3978 4.3978 5.3978 6.3978 7.3978 
12.5882 11.5882 10.5882 9.5882 8.5882 7.5882 6.5882 5.5882 4.5882 3.5882 2.5882 1.5882 0.5882 0.4118 1.4118 
12.8746 11.8746 10.8746 9.8746 8.8746 7.8746 6.8746 5.8746 4.8746 3.8746 2.8746 1.8746 0.8746 0.1254 1.1254 
0.7003 1.7003 2.7003 3.7003 4.7003 5.7003 6.7003 7.7003 8.7003 9.7003 10.7003 11.7003 12.7003 13.7003 14.7003 
5.2914 4.2914 3.2914 2.2914 1.2914 0.2914 0.7086 1.7086 2.7086 3.7086 4.7086 5.7086 6.7086 7.7086 8.7086 
11.2681 10.2681 9.2681 8.2681 7.2681 6.2681 5.2681 4.2681 3.2681 2.2681 1.2681 0.2681 0.7319 1.7319 2.7319 
12.9761 11.9761 10.9761 9.9761 8.9761 7.9761 6.9761 5.9761 4.9761 3.9761 2.9761 1.9761 0.9761 0.0239 1.0239 
14.4191 13.4191 12.4191 11.4191 10.4191 9.4191 8.4191 7.4191 6.4191 5.4191 4.4191 3.4191 2.4191 1.4191 0.4191 
13.5684 12.5684 11.5684 10.5684 9.5684 8.5684 7.5684 6.5684 5.5684 4.5684 3.5684 2.5684 1.5684 0.5684 0.4316 
0.5440 1.5440 2.5440 3.5440 4.5440 5.5440 6.5440 7.5440 8.5440 9.5440 10.5440 11.5440 12.5440 13.5440 14.5440 
3.5689 2.5689 1.5689 0.5689 0.4311 1.4311 2.4311 3.4311 4.4311 5.4311 6.4311 7.4311 8.4311 9.4311 10.4311 
11.4227 10.4227 9.4227 8.4227 7.4227 6.4227 5.4227 4.4227 3.4227 2.4227 1.4227 0.4227 0.5773 1.5773 2.5773 
13.1696 12.1696 11.1696 10.1696 9.1696 8.1696 7.1696 6.1696 5.1696 4.1696 3.1696 2.1696 1.1696 0.1696 0.8304 
10.8391 9.8391 8.8391 7.8391 6.8391 5.8391 4.8391 3.8391 2.8391 1.8391 0.8391 0.1609 1.1609 2.1609 3.1609 

15
15
11.3490 10.3490 9.3490 8.3490 7.3490 6.3490 5.3490 4.3490 3.3490 2.3490 1.3490 0.3490 0.6510 1.6510 2.6510 
3.4314 2.4314 1.4314 0.4314 0.5686 1.5686 2.5686 3.5686 4.5686 5.5686 6.5686 7.5686 8.5686 9.5686 10.5686 
7.6455 6.6455 5.6455 4.6455 3.6455 2.6455 1.6455 0.6455 0.3545 1.3545 2.3545 3.3545 4.3545 5.3545 6.3545 
0.7053 1.7053 2.7053 3.7053 4.7053 5.7053 6.7053 7.7053 8.7053 9.7053 10.7053 11.7053 12.7053 13.7053 14.7053 
2.7990 1.7990 0.7990 0.2010 1.2010 2.2010 3.2010 4.2010 5.2010 6.2010 7.2010 8.2010 9.2010 10.2010 11.2010 
0.5043 0.4957 1.4957 2.4957 3.4957 4.4957 5.4957 6.4957 7.4957 8.4957 9.4957 10.4957 11.4957 12.4957 13.4957 
1.3863 0.3863 0.6137 1.6137 2.6137 3.6137 4.6137 5.6137 6.6137 7.6137 8.6137 9.6137 10.6137 11.6137 12.6137 
0.3835 0.6165 1.6165 2.6165 3.6165 4.6165 5.6165 6.6165 7.6165 8.6165 9.6165 10.6165 11.6165 12.6165 13.6165 
13.9276 12.9276 11.9276 10.9276 9.9276 8.9276 7.9276 6.9276 5.9276 4.9276 3.9276 2.9276 1.9276 0.9276 0.0724 
1.7242 0.7242 0.2758 1.2758 2.2758 3.2758 4.2758 5.2758 6.2758 7.2758 8.2758 9.2758 10.2758 11.2758 12.2758 
14.2436 13.2436 12.2436 11.2436 10.2436 9.2436 8.2436 7.2436 6.2436 5.2436 4.2436 3.2436 2.2436 1.2436 0.2436 
5.3864 4.3864 3.3864 2.3864 1.3864 0.3864 0.6136 1.6136 2.6136 3.6136 4.6136 5.6136 6.6136 7.6136 8.6136 
10.8330 9.8330 8.8330 7.8330 6.8330 5.8330 4.8330 3.8330 2.8330 1.8330 0.8330 0.1670 1.1670 2.1670 3.1670 
7.2639 6.2639 5.2639 4.2639 3.2639 2.2639 1.2639 0.2639 0.7361 1.7361 2.7361 3.7361 4.7361 5.7361 6.7361 
1.7686 0.7686 0.2314 1.2314 2.2314 3.2314 4.2314 5.2314 6.2314 7.2314 8.2314 9.2314 10.2314 11.2314 12.2314 

15
15
0.7670 1.7670 2.7670 3.7670 4.7670 5.7670 6.7670 7.7670 8.7670 9.7670 10.7670 11.7670 12.7670 13.7670 14.7670 
14.3048 13.3048 12.3048 11.3048 10.3048 9.3048 8.3048 7.3048 6.3048 5.3048 4.3048 3.3048 2.3048 1.3048 0.3048 
13.2943 12.2943 11.2943 10.2943 9.2943 8.2943 7.2943 6.2943 5.2943 4.2943 3.2943 2.2943 1.2943 0.2943 0.7057 
14.6027 13.6027 12.6027 11.6027 10.6027 9.6027 8.6027 7.6027 6.6027 5.6027 4.6027 3.6027 2.6027 1.6027 0.6027 
10.8177 9.8177 8.8177 7.8177 6.8177 5.8177 4.8177 3.8177 2.8177 1.8177 0.8177 0.1823 1.1823 2.1823 3.1823 
1.4451 0.4451 0.5549 1.5549 2.5549 3.5549 4.5549 5.5549 6.5549 7.5549 8.5549 9.5549 10.5549 11.5549 12.5549 
3.9824 2.9824 1.9824 0.9824 0.0176 1.0176 2.0176 3.0176 4.0176 5.0176 6.0176 7.0176 8.0176 9.0176 10.0176 
14.5707 13.5707 12.5707 11.5707 10.5707 9.5707 8.5707 7.5707 6.5707 5.5707 4.5707 3.5707 2.5707 1.5707 0.5707 
13.8342 12.8342 11.8342 10.8342 9.8342 8.8342 7.8342 6.8342 5.8342 4.8342 3.8342 2.8342 1.8342 0.8342 0.1658 
1.5566 0.5566 0.4434 1.4434 2.4434 3.4434 4.4434 5.4434 6.4434 7.4434 8.4434 9.4434 10.4434 11.4434 12.4434 
14.7235 13.7235 12.7235 11.7235 10.7235 9.7235 8.7235 7.7235 6.7235 5.7235 4.7235 3.7235 2.7235 1.7235 0.7235 
5.5456 4.5456 3.5456 2.5456 1.5456 0.5456 0.4544 1.4544 2.4544 3.4544 4.4544 5.4544 6.4544 7.4544 8.4544 
2.4039 1.4039 0.4039 0.5961 1.5961 2.5961 3.5961 4.5961 5.5961 6.5961 7.5961 8.5961 9.5961 10.5961 11.5961 
0.3078 0.6922 1.6922 2.6922 3.6922 4.6922 5.6922 6.6922 7.6922 8.6922 9.6922 10.6922 11.6922 12.6922 13.6922 
9.1366 8.1366 7.1366 6.1366 5.1366 4.1366 3.1366 2.1366 1.1366 0.1366 0.8634 1.8634 2.8634 3.8634 4.8634 

15
15
6.1646 5.1646 4.1646 3.1646 2.1646 1.1646 0.1646 0.8354 1.8354 2.8354 3.8354 4.8354 5.8354 6.8354 7.8354 
12.4117 11.4117 10.4117 9.4117 8.4117 7.4117 6.4117 5.4117 4.4117 3.4117 2.4117 1.4117 0.4117 0.5883 1.5883 
3.4553 2.4553 1.4553 0.4553 0.5447 1.5447 2.5447 3.5447 4.5447 5.5447 6.5447 7.5447 8.5447 9.5447 10.5447 
13.2470 12.2470 11.2470 10.2470 9.2470 8.2470 7.2470 6.2470 5.2470 4.2470 3.2470 2.2470 1.2470 0.2470 0.7530 
0.9976 0.0024 1.0024 2.0024 3.0024 4.0024 5.0024 6.0024 7.0024 8.0024 9.0024 10.0024 11.0024 12.0024 13.0024 
10.6055 9.6055 8.6055 7.6055 6.6055 5.6055 4.6055 3.6055 2.6055 1.6055 0.6055 0.3945 1.3945 2.3945 3.3945 
9.1657 8.1657 7.1657 6.1657 5.1657 4.1657 3.1657 2.1657 1.1657 0.1657 0.8343 1.8343 2.8343 3.8343 4.8343 
11.6682 10.6682 9.6682 8.6682 7.6682 6.6682 5.6682 4.6682 3.6682 2.6682 1.6682 0.6682 0.3318 1.3318 2.3318 
4.7791 3.7791 2.7791 1.7791 0.7791 0.2209 1.2209 2.2209 3.2209 4.2209 5.2209 6.2209 7.2209 8.2209 9.2209 
13.1542 12.1542 11.1542 10.1542 9.1542 8.1542 7.1542 6.1542 5.1542 4.1542 3.1542 2.1542 1.1542 0.1542 0.8458 
0.2455 0.7545 1.7545 2.7545 3.7545 4.7545 5.7545 6.7545 7.7545 8.7545 9.7545 10.7545 11.7545 12.7545 13.7545 
4.4873 3.4873 2.4873 1.4873 0.4873 0.5127 1.5127 2.5127 3.5127 4.5127 5.5127 6.5127 7.5127 8.5127 9.5127 
0.8352 0.1648 1.1648 2.1648 3.1648 4.1648 5.1648 6.1648 7.1648 8.1648 9.1648 10.1648 11.1648 12.1648 13.1648 
3.5007 2.5007 1.5007 0.5007 0.4993 1.4993 2.4993 3.4993 4.4993 5.4993 6.4993 7.4993 8.4993 9.4993 10.4993 
2.3552 1.3552 0.3552 0.6448 1.6448 2.6448 3.6448 4.6448 5.6448 6.6448 7.6448 8.6448 9.6448 10.6448 11.6448 

15
15
5.9482 4.9482 3.9482 2.9482 1.9482 0.9482 0.0518 1.0518 2.0518 3.0518 4.0518 5.0518 6.0518 7.0518 8.0518 
1.8491 0.8491 0.1509 1.1509 2.1509 3.1509 4.1509 5.1509 6.1509 7.1509 8.1509 9.1509 10.1509 11.1509 12.1509 
11.9884 10.9884 9.9884 8.9884 7.9884 6.9884 5.9884 4.9884 3.9884 2.9884 1.9884 0.9884 0.0116 1.0116 2.0116 
1.5465 0.5465 0.4535 1.4535 2.4535 3.4535 4.4535 5.4535 6.4535 7.4535 8.4535 9.4535 10.4535 11.4535 12.4535 
4.9160 3.9160 2.9160 1.9160 0.9160 0.0840 1.0840 2.0840 3.0840 4.0840 5.0840 6.0840 7.0840 8.0840 9.0840 
4.6267 3.6267 2.6267 1.6267 0.6267 0.3733 1.3733 2.3733 3.3733 4.3733 5.3733 6.3733 7.3733 8.3733 9.3733 
8.8759 7.8759 6.8759 5.8759 4.8759 3.8759 2.8759 1.8759 0.8759 0.1241 1.1241 2.1241 3.1241 4.1241 5.1241 
2.2298 1.2298 0.2298 0.7702 1.7702 2.7702 3.7702 4.7702 5.7702 6.7702 7.7702 8.7702 9.7702 10.7702 11.7702 
10.5009 9.5009 8.5009 7.5009 6.5009 5.5009 4.5009 3.5009 2.5009 1.5009 0.5009 0.4991 1.4991 2.4991 3.4991 
10.5378 9.5378 8.5378 7.5378 6.5378 5.5378 4.5378 3.5378 2.5378 1.5378 0.5378 0.4622 1.4622 2.4622 3.4622 
8.0022 7.0022 6.0022 5.0022 4.0022 3.0022 2.0022 1.0022 0.0022 0.9978 1.9978 2.9978 3.9978 4.9978 5.9978 
6.9428 5.9428 4.9428 3.9428 2.9428 1.9428 0.9428 0.0572 1.0572 2.0572 3.0572 4.0572 5.0572 6.0572 7.0572 
2.1048 1.1048 0.1048 0.8952 1.8952 2.8952 3.8952 4.8952 5.8952 6.8952 7.8952 8.8952 9.8952 10.8952 11.8952 
7.8262 6.8262 5.8262 4.8262 3.8262 2.8262 1.8262 0.8262 0.1738 1.1738 2.1738 3.1738 4.1738 5.1738 6.1738 
4.4971 3.4971 2.4971 1.4971 0.4971 0.5029 1.5029 2.5029 3.5029 4.5029 5.5029 6.5029 7.5029 8.5029 9.5029 

15
15
4.0568 3.0568 2.0568 1.0568 0.0568 0.9432 1.9432 2.9432 3.9432 4.9432 5.9432 6.9432 7.9432 8.9432 9.9432 
11.5489 10.5489 9.5489 8.5489 7.5489 6.5489 5.5489 4.5489 3.5489 2.5489 1.5489 0.5489 0.4511 1.4511 2.4511 
12.9940 11.9940 10.9940 9.9940 8.9940 7.9940 6.9940 5.9940 4.9940 3.9940 2.9940 1.9940 0.9940 0.0060 1.0060 
4.5798 3.5798 2.5798 1.5798 0.5798 0.4202 1.4202 2.4202 3.4202 4.4202 5.4202 6.4202 7.4202 8.4202 9.4202 
6.8259 5.8259 4.8259 3.8259 2.8259 1.8259 0.8259 0.1741 1.1741 2.1741 3.1741 4.1741 5.1741 6.1741 7.1741 
5.8298 4.8298 3.8298 2.8298 1.8298 0.8298 0.1702 1.1702 2.1702 3.1702 4.1702 5.1702 6.1702 7.1702 8.1702 
1.9853 0.9853 0.0147 1.0147 2.0147 3.0147 4.0147 5.0147 6.0147 7.0147 8.0147 9.0147 10.0147 11.0147 12.0147 
0.6241 0.3759 1.3759 2.3759 3.3759 4.3759 5.3759 6.3759 7.3759 8.3759 9.3759 10.3759 11.3759 12.3759 13.3759 
4.9446 3.9446 2.9446 1.9446 0.9446 0.0554 1.0554 2.0554 3.0554 4.0554 5.0554 6.0554 7.0554 8.0554 9.0554 
0.4413 0.5587 1.5587 2.5587 3.5587 4.5587 5.5587 6.5587 7.5587 8.5587 9.5587 10.5587 11.5587 12.5587 13.5587 
11.9074 10.9074 9.9074 8.9074 7.9074 6.9074 5.9074 4.9074 3.9074 2.9074 1.9074 0.9074 0.0926 1.0926 2.0926 
12.3109 11.3109 10.3109 9.3109 8.3109 7.3109 6.3109 5.3109 4.3109 3.3109 2.3109 1.3109 0.3109 0.6891 1.6891 
8.0498 7.0498 6.0498 5.0498 4.0498 3.0498 2.0498 1.0498 0.0498 0.9502 1.9502 2.9502 3.9502 4.9502 5.9502 
3.0906 2.0906 1.0906 0.0906 0.9094 1.9094 2.9094 3.9094 4.9094 5.9094 6.9094 7.9094 8.9094 9.9094 10.9094 
4.5428 3.5428 2.5428 1.5428 0.5428 0.4572 1.4572 2.4572 3.4572 4.4572 5.4572 6.4572 7.4572 8.4572 9.4572 

15
15
6.8308 5.8308 4.8308 3.8308 2.8308 1.8308 0.8308 0.1692 1.1692 2.1692 3.1692 4.1692 5.1692 6.1692 7.1692 
11.3663 10.3663 9.3663 8.3663 7.3663 6.3663 5.3663 4.3663 3.3663 2.3663 1.3663 0.3663 0.6337 1.6337 2.6337 
6.0292 5.0292 4.0292 3.0292 2.0292 1.0292 0.0292 0.9708 1.9708 2.9708 3.9708 4.9708 5.9708 6.9708 7.9708 
5.9244 4.9244 3.9244 2.9244 1.9244 0.9244 0.0756 1.0756 2.0756 3.0756 4.0756 5.0756 6.0756 7.0756 8.0756 
3.7372 2.7372 1.7372 0.7372 0.2628 1.2628 2.2628 3.2628 4.2628 5.2628 6.2628 7.2628 8.2628 9.2628 10.2628 
8.9614 7.9614 6.9614 5.9614 4.9614 3.9614 2.9614 1.9614 0.9614 0.0386 1.0386 2.0386 3.0386 4.0386 5.0386 
8.1067 7.1067 6.1067 5.1067 4.1067 3.1067 2.1067 1.1067 0.1067 0.8933 1.8933 2.8933 3.8933 4.8933 5.8933 
3.7567 2.7567 1.7567 0.7567 0.2433 1.2433 2.2433 3.2433 4.2433 5.2433 6.2433 7.2433 8.2433 9.2433 10.2433 
11.1935 10.1935 9.1935 8.1935 7.1935 6.1935 5.1935 4.1935 3.1935 2.1935 1.1935 0.1935 0.8065 1.8065 2.8065 
0.1609 1.1609 2.1609 3.1609 4.1609 5.1609 6.1609 7.1609 8.1609 9.1609 10.1609 11.1609 12.1609 13.1609 14.1609 
11.0495 10.0495 9.0495 8.0495 7.0495 6.0495 5.0495 4.0495 3.0495 2.0495 1.0495 0.0495 0.9505 1.9505 2.9505 
0.4867 0.5133 1.5133 2.5133 3.5133 4.5133 5.5133 6.5133 7.5133 8.5133 9.5133 10.5133 11.5133 12.5133 13.5133 
13.9980 12.9980 11.9980 10.9980 9.9980 8.9980 7.9980 6.9980 5.9980 4.9980 3.9980 2.9980 1.9980 0.9980 0.0020 
12.3708 11.3708 10.3708 9.3708 8.3708 7.3708 6.3708 5.3708 4.3708 3.3708 2.3708 1.3708 0.3708 0.6292 1.6292 
2.3544 1.3544 0.3544 0.6456 1.6456 2.6456 3.6456 4.6456 5.6456 6.6456 7.6456 8.6456 9.6456 10.6456 11.6456 

15
15
12.3400 11.3400 10.3400 9.3400 8.3400 7.3400 6.3400 5.3400 4.3400 3.3400 2.3400 1.3400 0.3400 0.6600 1.6600 
7.9093 6.9093 5.9093 4.9093 3.9093 2.9093 1.9093 0.9093 0.0907 1.0907 2.0907 3.0907 4.0907 5.0907 6.0907 
1.3246 0.3246 0.6754 1.6754 2.6754 3.6754 4.6754 5.6754 6.6754 7.6754 8.6754 9.6754 10.6754 11.6754 12.6754 
13.5798 12.5798 11.5798 10.5798 9.5798 8.5798 7.5798 6.5798 5.5798 4.5798 3.5798 2.5798 1.5798 0.5798 0.4202 
9.6549 8.6549 7.6549 6.6549 5.6549 4.6549 3.6549 2.6549 1.6549 0.6549 0.3451 1.3451 2.3451 3.3451 4.3451 
9.4381 8.4381 7.4381 6.4381 5.4381 4.4381 3.4381 2.4381 1.4381 0.4381 0.5619 1.5619 2.5619 3.5619 4.5619 
9.0215 8.0215 7.0215 6.0215 5.0215 4.0215 3.0215 2.0215 1.0215 0.0215 0.9785 1.9785 2.9785 3.9785 4.9785 
11.7057 10.7057 9.7057 8.7057 7.7057 6.7057 5.7057 4.7057 3.7057 2.7057 1.7057 0.7057 0.2943 1.2943 2.2943 
11.3631 10.3631 9.3631 8.3631 7.3631 6.3631 5.3631 4.3631 3.3631 2.3631 1.3631 0.3631 0.6369 1.6369 2.6369 
1.4091 0.4091 0.5909 1.5909 2.5909 3.5909 4.5909 5.5909 6.5909 7.5909 8.5909 9.5909 10.5909 11.5909 12.5909 
3.9108 2.9108 1.9108 0.9108 0.0892 1.0892 2.0892 3.0892 4.0892 5.0892 6.0892 7.0892 8.0892 9.0892 10.0892 
2.6271 1.6271 0.6271 0.3729 1.3729 2.3729 3.3729 4.3729 5.3729 6.3729 7.3729 8.3729 9.3729 10.3729 11.3729 
8.4802 7.4802 6.4802 5.4802 4.4802 3.4802 2.4802 1.4802 0.4802 0.5198 1.5198 2.5198 3.5198 4.5198 5.5198 
14.2401 13.2401 12.2401 11.2401 10.2401 9.2401 8.2401 7.2401 6.2401 5.2401 4.2401 3.2401 2.2401 1.2401 0.2401 
12.1249 11.1249 10.1249 9.1249 8.1249 7.1249 6.1249 5.1249 4.1249 3.1249 2.1249 1.1249 0.1249 0.8751 1.8751 

15
15
11.7325 10.7325 9.7325 8.7325 7.7325 6.7325 5.7325 4.7325 3.7325 2.7325 1.7325 0.7325 0.2675 1.2675 2.2675 
1.9856 0.9856 0.0144 1.0144 2.0144 3.0144 4.0144 5.0144 6.0144 7.0144 8.0144 9.0144 10.0144 11.0144 12.0144 
0.9757 1.9757 2.9757 3.9757 4.9757 5.9757 6.9757 7.9757 8.9757 9.9757 10.9757 11.9757 12.9757 13.9757 14.9757 
12.3383 11.3383 10.3383 9.3383 8.3383 7.3383 6.3383 5.3383 4.3383 3.3383 2.3383 1.3383 0.3383 0.6617 1.6617 
4.9135 3.9135 2.9135 1.9135 0.9135 0.0865 1.0865 2.0865 3.0865 4.0865 5.0865 6.0865 7.0865 8.0865 9.0865 
7.4869 6.4869 5.4869 4.4869 3.4869 2.4869 1.4869 0.4869 0.5131 1.5131 2.5131 3.5131 4.5131 5.5131 6.5131 
13.1426 12.1426 11.1426 10.1426 9.1426 8.1426 7.1426 6.1426 5.1426 4.1426 3.1426 2.1426 1.1426 0.1426 0.8574 
3.5198 2.5198 1.5198 0.5198 0.4802 1.4802 2.4802 3.4802 4.4802 5.4802 6.4802 7.4802 8.4802 9.4802 10.4802 
12.2388 11.2388 10.2388 9.2388 8.2388 7.2388 6.2388 5.2388 4.2388 3.2388 2.2388 1.2388 0.2388 0.7612 1.7612 
2.5794 1.5794 0.5794 0.4206 1.4206 2.4206 3.4206 4.4206 5.4206 6.4206 7.4206 8.4206 9.4206 10.4206 11.4206 
8.2735 7.2735 6.2735 5.2735 4.2735 3.2735 2.2735 1.2735 0.2735 0.7265 1.7265 2.7265 3.7265 4.7265 5.7265 
14.9350 13.9350 12.9350 11.9350 10.9350 9.9350 8.9350 7.9350 6.9350 5.9350 4.9350 3.9350 2.9350 1.9350 0.9350 
11.9198 10.9198 9.9198 8.9198 7.9198 6.9198 5.9198 4.9198 3.9198 2.9198 1.9198 0.9198 0.0802 1.0802 2.0802 
8.8268 7.8268 6.8268 5.8268 4.8268 3.8268 2.8268 1.8268 0.8268 0.1732 1.1732 2.1732 3.1732 4.1732 5.1732 
0.3095 0.6905 1.6905 2.6905 3.6905 4.6905 5.6905 6.6905 7.6905 8.6905 9.6905 10.6905 11.6905 12.6905 13.6905 

15
15
8.0211 7.0211 6.0211 5.0211 4.0211 3.0211 2.0211 1.0211 0.0211 0.9789 1.9789 2.9789 3.9789 4.9789 5.9789 
4.0819 3.0819 2.0819 1.0819 0.0819 0.9181 1.9181 2.9181 3.9181 4.9181 5.9181 6.9181 7.9181 8.9181 9.9181 
8.8057 7.8057 6.8057 5.8057 4.8057 3.8057 2.8057 1.8057 0.8057 0.1943 1.1943 2.1943 3.1943 4.1943 5.1943 
10.8285 9.8285 8.8285 7.8285 6.8285 5.8285 4.8285 3.8285 2.8285 1.8285 0.8285 0.1715 1.1715 2.1715 3.1715 
12.5193 11.5193 10.5193 9.5193 8.5193 7.5193 6.5193 5.5193 4.5193 3.5193 2.5193 1.5193 0.5193 0.4807 1.4807 
0.2507 0.7493 1.7493 2.7493 3.7493 4.7493 5.7493 6.7493 7.7493 8.7493 9.7493 10.7493 11.7493 12.7493 13.7493 
7.6700 6.6700 5.6700 4.6700 3.6700 2.6700 1.6700 0.6700 0.3300 1.3300 2.3300 3.3300 4.3300 5.3300 6.3300 
4.4099 3.4099 2.4099 1.4099 0.4099 0.5901 1.5901 2.5901 3.5901 4.5901 5.5901 6.5901 7.5901 8.5901 9.5901 
4.5198 3.5198 2.5198 1.5198 0.5198 0.4802 1.4802 2.4802 3.4802 4.4802 5.4802 6.4802 7.4802 8.4802 9.4802 
0.6527 1.6527 2.6527 3.6527 4.6527 5.6527 6.6527 7.6527 8.6527 9.6527 10.6527 11.6527 12.6527 13.6527 14.6527 
2.2096 1.2096 0.2096 0.7904 1.7904 2.7904 3.7904 4.7904 5.7904 6.7904 7.7904 8.7904 9.7904 10.7904 11.7904 
1.2247 0.2247 0.7753 1.7753 2.7753 3.7753 4.7753 5.7753 6.7753 7.7753 8.7753 9.7753 10.7753 11.7753 12.7753 
11.8363 10.8363 9.8363 8.8363 7.8363 6.8363 5.8363 4.8363 3.8363 2.8363 1.8363 0.8363 0.1637 1.1637 2.1637 
6.3841 5.3841 4.3841 3.3841 2.3841 1.3841 0.3841 0.6159 1.6159 2.6159 3.6159 4.6159 5.6159 6.6159 7.6159 
14.3923 13.3923 12.3923 11.3923 10.3923 9.3923 8.3923 7.3923 6.3923 5.3923 4.3923 3.3923 2.3923 1.3923 0.3923 

15
15
3.9729 2.9729 1.9729 0.9729 0.0271 1.0271 2.0271 3.0271 4.0271 5.0271 6.0271 7.0271 8.0271 9.0271 10.0271 
10.3952 9.3952 8.3952 7.3952 6.3952 5.3952 4.3952 3.3952 2.3952 1.3952 0.3952 0.6048 1.6048 2.6048 3.6048 
0.0626 1.0626 2.0626 3.0626 4.0626 5.0626 6.0626 7.0626 8.0626 9.0626 10.0626 11.0626 12.0626 13.0626 14.0626 
0.8921 0.1079 1.1079 2.1079 3.1079 4.1079 5.1079 6.1079 7.1079 8.1079 9.1079 10.1079 11.1079 12.1079 13.1079 
6.3758 5.3758 4.3758 3.3758 2.3758 1.3758 0.3758 0.6242 1.6242 2.6242 3.6242 4.6242 5.6242 6.6242 7.6242 
2.0881 1.0881 0.0881 0.9119 1.9119 2.9119 3.9119 4.9119 5.9119 6.9119 7.9119 8.9119 9.9119 10.9119 11.9119 
12.8663 11.8663 10.8663 9.8663 8.8663 7.8663 6.8663 5.8663 4.8663 3.8663 2.8663 1.8663 0.8663 0.1337 1.1337 
13.1246 12.1246 11.1246 10.1246 9.1246 8.1246 7.1246 6.1246 5.1246 4.1246 3.1246 2.1246 1.1246 0.1246 0.8754 
3.0793 2.0793 1.0793 0.0793 0.9207 1.9207 2.9207 3.9207 4.9207 5.9207 6.9207 7.9207 8.9207 9.9207 10.9207 
7.8043 6.8043 5.8043 4.8043 3.8043 2.8043 1.8043 0.8043 0.1957 1.1957 2.1957 3.1957 4.1957 5.1957 6.1957 
5.6391 4.6391 3.6391 2.6391 1.6391 0.6391 0.3609 1.3609 2.3609 3.3609 4.3609 5.3609 6.3609 7.3609 8.3609 
5.8256 4.8256 3.8256 2.8256 1.8256 0.8256 0.1744 1.1744 2.1744 3.1744 4.1744 5.1744 6.1744 7.1744 8.1744 
5.9576 4.9576 3.9576 2.9576 1.9576 0.9576 0.0424 1.0424 2.0424 3.0424 4.0424 5.0424 6.0424 7.0424 8.0424 
1.1223 0.1223 0.8777 1.8777 2.8777 3.8777 4.8777 5.8777 6.8777 7.8777 8.8777 9.8777 10.8777 11.8777 12.8777 
0.9840 1.9840 2.9840 3.9840 4.9840 5.9840 6.9840 7.9840 8.9840 9.9840 10.9840 11.9840 12.9840 13.9840 14.9840 

15
15
0.2234 0.7766 1.7766 2.7766 3.7766 4.7766 5.7766 6.7766 7.7766 8.7766 9.7766 10.7766 11.7766 12.7766 13.7766 
13.4527 12.4527 11.4527 10.4527 9.4527 8.4527 7.4527 6.4527 5.4527 4.4527 3.4527 2.4527 1.4527 0.4527 0.5473 
8.4094 7.4094 6.4094 5.4094 4.4094 3.4094 2.4094 1.4094 0.4094 0.5906 1.5906 2.5906 3.5906 4.5906 5.5906 
0.7303 0.2697 1.2697 2.2697 3.2697 4.2697 5.2697 6.2697 7.2697 8.2697 9.2697 10.2697 11.2697 12.2697 13.2697 
4.3721 3.3721 2.3721 1.3721 0.3721 0.6279 1.6279 2.6279 3.6279 4.6279 5.6279 6.6279 7.6279 8.6279 9.6279 
13.7225 12.7225 11.7225 10.7225 9.7225 8.7225 7.7225 6.7225 5.7225 4.7225 3.7225 2.7225 1.7225 0.7225 0.2775 
5.8390 4.8390 3.8390 2.8390 1.8390 0.8390 0.1610 1.1610 2.1610 3.1610 4.1610 5.1610 6.1610 7.1610 8.1610 
1.1998 0.1998 0.8002 1.8002 2.8002 3.8002 4.8002 5.8002 6.8002 7.8002 8.8002 9.8002 10.8002 11.8002 12.8002 
10.2280 9.2280 8.2280 7.2280 6.2280 5.2280 4.2280 3.2280 2.2280 1.2280 0.2280 0.7720 1.7720 2.7720 3.7720 
13.0126 12.0126 11.0126 10.0126 9.0126 8.0126 7.0126 6.0126 5.0126 4.0126 3.0126 2.0126 1.0126 0.0126 0.9874 
13.1060 12.1060 11.1060 10.1060 9.1060 8.1060 7.1060 6.1060 5.1060 4.1060 3.1060 2.1060 1.1060 0.1060 0.8940 
6.1897 5.1897 4.1897 3.1897 2.1897 1.1897 0.1897 0.8103 1.8103 2.8103 3.8103 4.8103 5.8103 6.8103 7.8103 
4.5684 3.5684 2.5684 1.5684 0.5684 0.4316 1.4316 2.4316 3.4316 4.4316 5.4316 6.4316 7.4316 8.4316 9.4316 
7.8066 6.8066 5.8066 4.8066 3.8066 2.8066 1.8066 0.8066 0.1934 1.1934 2.1934 3.1934 4.1934 5.1934 6.1934 
5.3810 4.3810 3.3810 2.3810 1.3810 0.3810 0.6190 1.6190 2.6190 3.6190 4.6190 5.6190 6.6190 7.6190 8.6190 

15
15
0.2585 1.2585 2.2585 3.2585 4.2585 5.2585 6.2585 7.2585 8.2585 9.2585 10.2585 11.2585 12.2585 13.2585 14.2585 
8.8648 7.8648 6.8648 5.8648 4.8648 3.8648 2.8648 1.8648 0.8648 0.1352 1.1352 2.1352 3.1352 4.1352 5.1352 
2.9514 1.9514 0.9514 0.0486 1.0486 2.0486 3.0486 4.0486 5.0486 6.0486 7.0486 8.0486 9.0486 10.0486 11.0486 
11.3150 10.3150 9.3150 8.3150 7.3150 6.3150 5.3150 4.3150 3.3150 2.3150 1.3150 0.3150 0.6850 1.6850 2.6850 
0.5708 0.4292 1.4292 2.4292 3.4292 4.4292 5.4292 6.4292 7.4292 8.4292 9.4292 10.4292 11.4292 12.4292 13.4292 
13.7411 12.7411 11.7411 10.7411 9.7411 8.7411 7.7411 6.7411 5.7411 4.7411 3.7411 2.7411 1.7411 0.7411 0.2589 
10.0927 9.0927 8.0927 7.0927 6.0927 5.0927 4.0927 3.0927 2.0927 1.0927 0.0927 0.9073 1.9073 2.9073 3.9073 
11.6679 10.6679 9.6679 8.6679 7.6679 6.6679 5.6679 4.6679 3.6679 2.6679 1.6679 0.6679 0.3321 1.3321 2.3321 
13.5275 12.5275 11.5275 10.5275 9.5275 8.5275 7.5275 6.5275 5.5275 4.5275 3.5275 2.5275 1.5275 0.5275 0.4725 
0.6621 0.3379 1.3379 2.3379 3.3379 4.3379 5.3379 6.3379 7.3379 8.3379 9.3379 10.3379 11.3379 12.3379 13.3379 
1.3992 0.3992 0.6008 1.6008 2.6008 3.6008 4.6008 5.6008 6.6008 7.6008 8.6008 9.6008 10.6008 11.6008 12.6008 
8.4007 7.4007 6.4007 5.4007 4.4007 3.4007 2.4007 1.4007 0.4007 0.5993 1.5993 2.5993 3.5993 4.5993 5.5993 
12.6048 11.6048 10.6048 9.6048 8.6048 7.6048 6.6048 5.6048 4.6048 3.6048 2.6048 1.6048 0.6048 0.3952 1.3952 
7.0118 6.0118 5.0118 4.0118 3.0118 2.0118 1.0118 0.0118 0.9882 1.9882 2.9882 3.9882 4.9882 5.9882 6.9882 
10.6917 9.6917 8.6917 7.6917 6.6917 5.6917 4.6917 3.6917 2.6917 1.6917 0.6917 0.3083 1.3083 2.3083 3.3083 

15
15
1.8388 0.8388 0.1612 1.1612 2.1612 3.1612 4.1612 5.1612 6.1612 7.1612 8.1612 9.1612 10.1612 11.1612 12.1612 
3.3710 2.3710 1.3710 0.3710 0.6290 1.6290 2.6290 3.6290 4.6290 5.6290 6.6290 7.6290 8.6290 9.6290 10.6290 
14.7383 13.7383 12.7383 11.7383 10.7383 9.7383 8.7383 7.7383 6.7383 5.7383 4.7383 3.7383 2.7383 1.7383 0.7383 
7.7372 6.7372 5.7372 4.7372 3.7372 2.7372 1.7372 0.7372 0.2628 1.2628 2.2628 3.2628 4.2628 5.2628 6.2628 
9.7768 8.7768 7.7768 6.7768 5.7768 4.7768 3.7768 2.7768 1.7768 0.7768 0.2232 1.2232 2.2232 3.2232 4.2232 
4.5918 3.5918 2.5918 1.5918 0.5918 0.4082 1.4082 2.4082 3.4082 4.4082 5.4082 6.4082 7.4082 8.4082 9.4082 
0.7421 1.7421 2.7421 3.7421 4.7421 5.7421 6.7421 7.7421 8.7421 9.7421 10.7421 11.7421 12.7421 13.7421 14.7421 
13.6046 12.6046 11.6046 10.6046 9.6046 8.6046 7.6046 6.6046 5.6046 4.6046 3.6046 2.6046 1.6046 0.6046 0.3954 
7.1627 6.1627 5.1627 4.1627 3.1627 2.1627 1.1627 0.1627 0.8373 1.8373 2.8373 3.8373 4.8373 5.8373 6.8373 
5.1976 4.1976 3.1976 2.1976 1.1976 0.1976 0.8024 1.8024 2.8024 3.8024 4.8024 5.8024 6.8024 7.8024 8.8024 
4.3244 3.3244 2.3244 1.3244 0.3244 0.6756 1.6756 2.6756 3.6756 4.6756 5.6756 6.6756 7.6756 8.6756 9.6756 
7.6238 6.6238 5.6238 4.6238 3.6238 2.6238 1.6238 0.6238 0.3762 1.3762 2.3762 3.3762 4.3762 5.3762 6.3762 
6.2638 5.2638 4.2638 3.2638 2.2638 1.2638 0.2638 0.7362 1.7362 2.7362 3.7362 4.7362 5.7362 6.7362 7.7362 
1.6460 0.6460 0.3540 1.3540 2.3540 3.3540 4.3540 5.3540 6.3540 7.3540 8.3540 9.3540 10.3540 11.3540 12.3540 
2.0888 1.0888 0.0888 0.9112 1.9112 2.9112 3.9112 4.9112 5.9112 6.9112 7.9112 8.9112 9.9112 10.9112 11.9112 

15
15
3.6270 2.6270 1.6270 0.6270 0.3730 1.3730 2.3730 3.3730 4.3730 5.3730 6.3730 7.3730 8.3730 9.3730 10.3730 
10.9831 9.9831 8.9831 7.9831 6.9831 5.9831 4.9831 3.9831 2.9831 1.9831 0.9831 0.0169 1.0169 2.0169 3.0169 
6.1148 5.1148 4.1148 3.1148 2.1148 1.1148 0.1148 0.8852 1.8852 2.8852 3.8852 4.8852 5.8852 6.8852 7.8852 
3.5853 2.5853 1.5853 0.5853 0.4147 1.4147 2.4147 3.4147 4.4147 5.4147 6.4147 7.4147 8.4147 9.4147 10.4147 
12.7939 11.7939 10.7939 9.7939 8.7939 7.7939 6.7939 5.7939 4.7939 3.7939 2.7939 1.7939 0.7939 0.2061 1.2061 
9.2601 8.2601 7.2601 6.2601 5.2601 4.2601 3.2601 2.2601 1.2601 0.2601 0.7399 1.7399 2.7399 3.7399 4.7399 
13.8555 12.8555 11.8555 10.8555 9.8555 8.8555 7.8555 6.8555 5.8555 4.8555 3.8555 2.8555 1.8555 0.8555 0.1445 
3.4019 2.4019 1.4019 0.4019 0.5981 1.5981 2.5981 3.5981 4.5981 5.5981 6.5981 7.5981 8.5981 9.5981 10.5981 
6.5606 5.5606 4.5606 3.5606 2.5606 1.5606 0.5606 0.4394 1.4394 2.4394 3.4394 4.4394 5.4394 6.4394 7.4394 
10.2560 9.2560 8.2560 7.2560 6.2560 5.2560 4.2560 3.2560 2.2560 1.2560 0.2560 0.7440 1.7440 2.7440 3.7440 
8.4273 7.4273 6.4273 5.4273 4.4273 3.4273 2.4273 1.4273 0.4273 0.5727 1.5727 2.5727 3.5727 4.5727 5.5727 
9.3010 8.3010 7.3010 6.3010 5.3010 4.3010 3.3010 2.3010 1.3010 0.3010 0.6990 1.6990 2.6990 3.6990 4.6990 
5.6967 4.6967 3.6967 2.6967 1.6967 0.6967 0.3033 1.3033 2.3033 3.3033 4.3033 5.3033 6.3033 7.3033 8.3033 
12.2883 11.2883 10.2883 9.2883 8.2883 7.2883 6.2883 5.2883 4.2883 3.2883 2.2883 1.2883 0.2883 0.7117 1.7117 
6.4190 5.4190 4.4190 3.4190 2.4190 1.4190 0.4190 0.5810 1.5810 2.5810 3.5810 4.5810 5.5810 6.5810 7.5810 

15
15
0.9199 1.9199 2.9199 3.9199 4.9199 5.9199 6.9199 7.9199 8.9199 9.9199 10.9199 11.9199 12.9199 13.9199 14.9199 
2.7912 1.7912 0.7912 0.2088 1.2088 2.2088 3.2088 4.2088 5.2088 6.2088 7.2088 8.2088 9.2088 10.2088 11.2088 
7.2457 6.2457 5.2457 4.2457 3.2457 2.2457 1.2457 0.2457 0.7543 1.7543 2.7543 3.7543 4.7543 5.7543 6.7543 
10.6619 9.6619 8.6619 7.6619 6.6619 5.6619 4.6619 3.6619 2.6619 1.6619 0.6619 0.3381 1.3381 2.3381 3.3381 
2.9706 1.9706 0.9706 0.0294 1.0294 2.0294 3.0294 4.0294 5.0294 6.0294 7.0294 8.0294 9.0294 10.0294 11.0294 
0.9685 1.9685 2.9685 3.9685 4.9685 5.9685 6.9685 7.9685 8.9685 9.9685 10.9685 11.9685 12.9685 13.9685 14.9685 
0.5193 1.5193 2.5193 3.5193 4.5193 5.5193 6.5193 7.5193 8.5193 9.5193 10.5193 11.5193 12.5193 13.5193 14.5193 
0.8233 0.1767 1.1767 2.1767 3.1767 4.1767 5.1767 6.1767 7.1767 8.1767 9.1767 10.1767 11.1767 12.1767 13.1767 
14.3932 13.3932 12.3932 11.3932 10.3932 9.3932 8.3932 7.3932 6.3932 5.3932 4.3932 3.3932 2.3932 1.3932 0.3932 
2.2991 1.2991 0.2991 0.7009 1.7009 2.7009 3.7009 4.7009 5.7009 6.7009 7.7009 8.7009 9.7009 10.7009 11.7009 
5.9405 4.9405 3.9405 2.9405 1.9405 0.9405 0.0595 1.0595 2.0595 3.0595 4.0595 5.0595 6.0595 7.0595 8.0595 
6.6627 5.6627 4.6627 3.6627 2.6627 1.6627 0.6627 0.3373 1.3373 2.3373 3.3373 4.3373 5.3373 6.3373 7.3373 
4.9021 3.9021 2.9021 1.9021 0.9021 0.0979 1.0979 2.0979 3.0979 4.0979 5.0979 6.0979 7.0979 8.0979 9.0979 
8.2464 7.2464 6.2464 5.2464 4.2464 3.2464 2.2464 1.2464 0.2464 0.7536 1.7536 2.7536 3.7536 4.7536 5.7536 
13.5658 12.5658 11.5658 10.5658 9.5658 8.5658 7.5658 6.5658 5.5658 4.5658 3.5658 2.5658 1.5658 0.5658 0.4342 

15
15
10.1233 9.1233 8.1233 7.1233 6.1233 5.1233 4.1233 3.1233 2.1233 1.1233 0.1233 0.8767 1.8767 2.8767 3.8767 
8.6659 7.6659 6.6659 5.6659 4.6659 3.6659 2.6659 1.6659 0.6659 0.3341 1.3341 2.3341 3.3341 4.3341 5.3341 
1.1610 0.1610 0.8390 1.8390 2.8390 3.8390 4.8390 5.8390 6.8390 7.8390 8.8390 9.8390 10.8390 11.8390 12.8390 
11.7499 10.7499 9.7499 8.7499 7.7499 6.7499 5.7499 4.7499 3.7499 2.7499 1.7499 0.7499 0.2501 1.2501 2.2501 
11.8212 10.8212 9.8212 8.8212 7.8212 6.8212 5.8212 4.8212 3.8212 2.8212 1.8212 0.8212 0.1788 1.1788 2.1788 
7.8494 6.8494 5.8494 4.8494 3.8494 2.8494 1.8494 0.8494 0.1506 1.1506 2.1506 3.1506 4.1506 5.1506 6.1506 
11.0607 10.0607 9.0607 8.0607 7.0607 6.0607 5.0607 4.0607 3.0607 2.0607 1.0607 0.0607 0.9393 1.9393 2.9393 
11.9173 10.9173 9.9173 8.9173 7.9173 6.9173 5.9173 4.9173 3.9173 2.9173 1.9173 0.9173 0.0827 1.0827 2.0827 
11.3867 10.3867 9.3867 8.3867 7.3867 6.3867 5.3867 4.3867 3.3867 2.3867 1.3867 0.3867 0.6133 1.6133 2.6133 
8.7752 7.7752 6.7752 5.7752 4.7752 3.7752 2.7752 1.7752 0.7752 0.2248 1.2248 2.2248 3.2248 4.2248 5.2248 
7.6090 6.6090 5.6090 4.6090 3.6090 2.6090 1.6090 0.6090 0.3910 1.3910 2.3910 3.3910 4.3910 5.3910 6.3910 
5.0471 4.0471 3.0471 2.0471 1.0471 0.0471 0.9529 1.9529 2.9529 3.9529 4.9529 5.9529 6.9529 7.9529 8.9529 
1.5015 0.5015 0.4985 1.4985 2.4985 3.4985 4.4985 5.4985 6.4985 7.4985 8.4985 9.4985 10.4985 11.4985 12.4985 
9.7604 8.7604 7.7604 6.7604 5.7604 4.7604 3.7604 2.7604 1.7604 0.7604 0.2396 1.2396 2.2396 3.2396 4.2396 
4.0748 3.0748 2.0748 1.0748 0.0748 0.9252 1.9252 2.9252 3.9252 4.9252 5.9252 6.9252 7.9252 8.9252 9.9252 

15
15
11.2304 10.2304 9.2304 8.2304 7.2304 6.2304 5.2304 4.2304 3.2304 2.2304 1.2304 0.2304 0.7696 1.7696 2.7696 
2.3663 1.3663 0.3663 0.6337 1.6337 2.6337 3.6337 4.6337 5.6337 6.6337 7.6337 8.6337 9.6337 10.6337 11.6337 
5.0391 4.0391 3.0391 2.0391 1.0391 0.0391 0.9609 1.9609 2.9609 3.9609 4.9609 5.9609 6.9609 7.9609 8.9609 
9.7068 8.7068 7.7068 6.7068 5.7068 4.7068 3.7068 2.7068 1.7068 0.7068 0.2932 1.2932 2.2932 3.2932 4.2932 
7.1190 6.1190 5.1190 4.1190 3.1190 2.1190 1.1190 0.1190 0.8810 1.8810 2.8810 3.8810 4.8810 5.8810 6.8810 
2.7252 1.7252 0.7252 0.2748 1.2748 2.2748 3.2748 4.2748 5.2748 6.2748 7.2748 8.2748 9.2748 10.2748 11.2748 
1.1970 0.1970 0.8030 1.8030 2.8030 3.8030 4.8030 5.8030 6.8030 7.8030 8.8030 9.8030 10.8030 11.8030 12.8030 
14.5291 13.5291 12.5291 11.5291 10.5291 9.5291 8.5291 7.5291 6.5291 5.5291 4.5291 3.5291 2.5291 1.5291 0.5291 
1.3857 0.3857 0.6143 1.6143 2.6143 3.6143 4.6143 5.6143 6.6143 7.6143 8.6143 9.6143 10.6143 11.6143 12.6143 
1.4623 0.4623 0.5377 1.5377 2.5377 3.5377 4.5377 5.5377 6.5377 7.5377 8.5377 9.5377 10.5377 11.5377 12.5377 
11.0595 10.0595 9.0595 8.0595 7.0595 6.0595 5.0595 4.0595 3.0595 2.0595 1.0595 0.0595 0.9405 1.9405 2.9405 
0.7071 0.2929 1.2929 2.2929 3.2929 4.2929 5.2929 6.2929 7.2929 8.2929 9.2929 10.2929 11.2929 12.2929 13.2929 
9.0848 8.0848 7.0848 6.0848 5.0848 4.0848 3.0848 2.0848 1.0848 0.0848 0.9152 1.9152 2.9152 3.9152 4.9152 
8.1773 7.1773 6.1773 5.1773 4.1773 3.1773 2.1773 1.1773 0.1773 0.8227 1.8227 2.8227 3.8227 4.8227 5.8227 
6.9916 5.9916 4.9916 3.9916 2.9916 1.9916 0.9916 0.0084 1.0084 2.0084 3.0084 4.0084 5.0084 6.0084 7.0084 

15
15
9.2748 8.2748 7.2748 6.2748 5.2748 4.2748 3.2748 2.2748 1.2748 0.2748 0.7252 1.7252 2.7252 3.7252 4.7252 
9.0641 8.0641 7.0641 6.0641 5.0641 4.0641 3.0641 2.0641 1.0641 0.0641 0.9359 1.9359 2.9359 3.9359 4.9359 
14.0377 13.0377 12.0377 11.0377 10.0377 9.0377 8.0377 7.0377 6.0377 5.0377 4.0377 3.0377 2.0377 1.0377 0.0377 
5.0819 4.0819 3.0819 2.0819 1.0819 0.0819 0.9181 1.9181 2.9181 3.9181 4.9181 5.9181 6.9181 7.9181 8.9181 
6.1514 5.1514 4.1514 3.1514 2.1514 1.1514 0.1514 0.8486 1.8486 2.8486 3.8486 4.8486 5.8486 6.8486 7.8486 
2.3483 1.3483 0.3483 0.6517 1.6517 2.6517 3.6517 4.6517 5.6517 6.6517 7.6517 8.6517 9.6517 10.6517 11.6517 
9.5958 8.5958 7.5958 6.5958 5.5958 4.5958 3.5958 2.5958 1.5958 0.5958 0.4042 1.4042 2.4042 3.4042 4.4042 
13.7004 12.7004 11.7004 10.7004 9.7004 8.7004 7.7004 6.7004 5.7004 4.7004 3.7004 2.7004 1.7004 0.7004 0.2996 
0.9802 1.9802 2.9802 3.9802 4.9802 5.9802 6.9802 7.9802 8.9802 9.9802 10.9802 11.9802 12.9802 13.9802 14.9802 
7.6761 6.6761 5.6761 4.6761 3.6761 2.6761 1.6761 0.6761 0.3239 1.3239 2.3239 3.3239 4.3239 5.3239 6.3239 
8.1480 7.1480 6.1480 5.1480 4.1480 3.1480 2.1480 1.1480 0.1480 0.8520 1.8520 2.8520 3.8520 4.8520 5.8520 
2.4336 1.4336 0.4336 0.5664 1.5664 2.5664 3.5664 4.5664 5.5664 6.5664 7.5664 8.5664 9.5664 10.5664 11.5664 
12.7770 11.7770 10.7770 9.7770 8.7770 7.7770 6.7770 5.7770 4.7770 3.7770 2.7770 1.7770 0.7770 0.2230 1.2230 
1.1436 0.1436 0.8564 1.8564 2.8564 3.8564 4.8564 5.8564 6.8564 7.8564 8.8564 9.8564 10.8564 11.8564 12.8564 
3.6075 2.6075 1.6075 0.6075 0.3925 1.3925 2.3925 3.3925 4.3925 5.3925 6.3925 7.3925 8.3925 9.3925 10.3925 

15
15
2.4177 1.4177 0.4177 0.5823 1.5823 2.5823 3.5823 4.5823 5.5823 6.5823 7.5823 8.5823 9.5823 10.5823 11.5823 
0.0895 1.0895 2.0895 3.0895 4.0895 5.0895 6.0895 7.0895 8.0895 9.0895 10.0895 11.0895 12.0895 13.0895 14.0895 
14.1656 13.1656 12.1656 11.1656 10.1656 9.1656 8.1656 7.1656 6.1656 5.1656 4.1656 3.1656 2.1656 1.1656 0.1656 
10.7485 9.7485 8.7485 7.7485 6.7485 5.7485 4.7485 3.7485 2.7485 1.7485 0.7485 0.2515 1.2515 2.2515 3.2515 
0.6045 0.3955 1.3955 2.3955 3.3955 4.3955 5.3955 6.3955 7.3955 8.3955 9.3955 10.3955 11.3955 12.3955 13.3955 
7.2903 6.2903 5.2903 4.2903 3.2903 2.2903 1.2903 0.2903 0.7097 1.7097 2.7097 3.7097 4.7097 5.7097 6.7097 
0.2609 1.2609 2.2609 3.2609 4.2609 5.2609 6.2609 7.2609 8.2609 9.2609 10.2609 11.2609 12.2609 13.2609 14.2609 
3.0731 2.0731 1.0731 0.0731 0.9269 1.9269 2.9269 3.9269 4.9269 5.9269 6.9269 7.9269 8.9269 9.9269 10.9269 
6.5128 5.5128 4.5128 3.5128 2.5128 1.5128 0.5128 0.4872 1.4872 2.4872 3.4872 4.4872 5.4872 6.4872 7.4872 
14.5136 13.5136 12.5136 11.5136 10.5136 9.5136 8.5136 7.5136 6.5136 5.5136 4.5136 3.5136 2.5136 1.5136 0.5136 
13.2534 12.2534 11.2534 10.2534 9.2534 8.2534 7.2534 6.2534 5.2534 4.2534 3.2534 2.2534 1.2534 0.2534 0.7466 
7.4424 6.4424 5.4424 4.4424 3.4424 2.4424 1.4424 0.4424 0.5576 1.5576 2.5576 3.5576 4.5576 5.5576 6.5576 
6.5308 5.5308 4.5308 3.5308 2.5308 1.5308 0.5308 0.4692 1.4692 2.4692 3.4692 4.4692 5.4692 6.4692 7.4692 
1.0720 0.0720 0.9280 1.9280 2.9280 3.9280 4.9280 5.9280 6.9280 7.9280 8.9280 9.9280 10.9280 11.9280 12.9280 
2.8603 1.8603 0.8603 0.1397 1.1397 2.1397 3.1397 4.1397 5.1397 6.1397 7.1397 8.1397 9.1397 10.1397 11.1397 

15
15
11.0028 10.0028 9.0028 8.0028 7.0028 6.0028 5.0028 4.0028 3.0028 2.0028 1.0028 0.0028 0.9972 1.9972 2.9972 
5.8524 4.8524 3.8524 2.8524 1.8524 0.8524 0.1476 1.1476 2.1476 3.1476 4.1476 5.1476 6.1476 7.1476 8.1476 
6.2598 5.2598 4.2598 3.2598 2.2598 1.2598 0.2598 0.7402 1.7402 2.7402 3.7402 4.7402 5.7402 6.7402 7.7402 
9.6811 8.6811 7.6811 6.6811 5.6811 4.6811 3.6811 2.6811 1.6811 0.6811 0.3189 1.3189 2.3189 3.3189 4.3189 
4.8305 3.8305 2.8305 1.8305 0.8305 0.1695 1.1695 2.1695 3.1695 4.1695 5.1695 6.1695 7.1695 8.1695 9.1695 
7.6463 6.6463 5.6463 4.6463 3.6463 2.6463 1.6463 0.6463 0.3537 1.3537 2.3537 3.3537 4.3537 5.3537 6.3537 
0.8752 0.1248 1.1248 2.1248 3.1248 4.1248 5.1248 6.1248 7.1248 8.1248 9.1248 10.1248 11.1248 12.1248 13.1248 
0.1047 1.1047 2.1047 3.1047 4.1047 5.1047 6.1047 7.1047 8.1047 9.1047 10.1047 11.1047 12.1047 13.1047 14.1047 
14.1065 13.1065 12.1065 11.1065 10.1065 9.1065 8.1065 7.1065 6.1065 5.1065 4.1065 3.1065 2.1065 1.1065 0.1065 
1.0705 0.0705 0.9295 1.9295 2.9295 3.9295 4.9295 5.9295 6.9295 7.9295 8.9295 9.9295 10.9295 11.9295 12.9295 
5.4121 4.4121 3.4121 2.4121 1.4121 0.4121 0.5879 1.5879 2.5879 3.5879 4.5879 5.5879 6.5879 7.5879 8.5879 
1.0186 0.0186 0.9814 1.9814 2.9814 3.9814 4.9814 5.9814 6.9814 7.9814 8.9814 9.9814 10.9814 11.9814 12.9814 
10.5266 9.5266 8.5266 7.5266 6.5266 5.5266 4.5266 3.5266 2.5266 1.5266 0.5266 0.4734 1.4734 2.4734 3.4734 
8.2624 7.2624 6.2624 5.2624 4.2624 3.2624 2.2624 1.2624 0.2624 0.7376 1.7376 2.7376 3.7376 4.7376 5.7376 
1.5789 0.5789 0.4211 1.4211 2.4211 3.4211 4.4211 5.4211 6.4211 7.4211 8.4211 9.4211 10.4211 11.4211 12.4211 

15
15
13.4456 12.4456 11.4456 10.4456 9.4456 8.4456 7.4456 6.4456 5.4456 4.4456 3.4456 2.4456 1.4456 0.4456 0.5544 
9.0398 8.0398 7.0398 6.0398 5.0398 4.0398 3.0398 2.0398 1.0398 0.0398 0.9602 1.9602 2.9602 3.9602 4.9602 
7.4493 6.4493 5.4493 4.4493 3.4493 2.4493 1.4493 0.4493 0.5507 1.5507 2.5507 3.5507 4.5507 5.5507 6.5507 
8.6201 7.6201 6.6201 5.6201 4.6201 3.6201 2.6201 1.6201 0.6201 0.3799 1.3799 2.3799 3.3799 4.3799 5.3799 
3.5977 2.5977 1.5977 0.5977 0.4023 1.4023 2.4023 3.4023 4.4023 5.4023 6.4023 7.4023 8.4023 9.4023 10.4023 
9.9001 8.9001 7.9001 6.9001 5.9001 4.9001 3.9001 2.9001 1.9001 0.9001 0.0999 1.0999 2.0999 3.0999 4.0999 
0.8397 0.1603 1.1603 2.1603 3.1603 4.1603 5.1603 6.1603 7.1603 8.1603 9.1603 10.1603 11.1603 12.1603 13.1603 
1.0599 0.0599 0.9401 1.9401 2.9401 3.9401 4.9401 5.9401 6.9401 7.9401 8.9401 9.9401 10.9401 11.9401 12.9401 
4.7825 3.7825 2.7825 1.7825 0.7825 0.2175 1.2175 2.2175 3.2175 4.2175 5.2175 6.2175 7.2175 8.2175 9.2175 
14.4085 13.4085 12.4085 11.4085 10.4085 9.4085 8.4085 7.4085 6.4085 5.4085 4.4085 3.4085 2.4085 1.4085 0.4085 
0.0277 1.0277 2.0277 3.0277 4.0277 5.0277 6.0277 7.0277 8.0277 9.0277 10.0277 11.0277 12.0277 13.0277 14.0277 
10.1248 9.1248 8.1248 7.1248 6.1248 5.1248 4.1248 3.1248 2.1248 1.1248 0.1248 0.8752 1.8752 2.8752 3.8752 
12.1340 11.1340 10.1340 9.1340 8.1340 7.1340 6.1340 5.1340 4.1340 3.1340 2.1340 1.1340 0.1340 0.8660 1.8660 
6.6086 5.6086 4.6086 3.6086 2.6086 1.6086 0.6086 0.3914 1.3914 2.3914 3.3914 4.3914 5.3914 6.3914 7.3914 
1.7135 0.7135 0.2865 1.2865 2.2865 3.2865 4.2865 5.2865 6.2865 7.2865 8.2865 9.2865 10.2865 11.2865 12.2865 

15
15
9.2453 8.2453 7.2453 6.2453 5.2453 4.2453 3.2453 2.2453 1.2453 0.2453 0.7547 1.7547 2.7547 3.7547 4.7547 
14.7750 13.7750 12.7750 11.7750 10.7750 9.7750 8.7750 7.7750 6.7750 5.7750 4.7750 3.7750 2.7750 1.7750 0.7750 
9.5956 8.5956 7.5956 6.5956 5.5956 4.5956 3.5956 2.5956 1.5956 0.5956 0.4044 1.4044 2.4044 3.4044 4.4044 
5.1128 4.1128 3.1128 2.1128 1.1128 0.1128 0.8872 1.8872 2.8872 3.8872 4.8872 5.8872 6.8872 7.8872 8.8872 
10.6750 9.6750 8.6750 7.6750 6.6750 5.6750 4.6750 3.6750 2.6750 1.6750 0.6750 0.3250 1.3250 2.3250 3.3250 
1.5998 0.5998 0.4002 1.4002 2.4002 3.4002 4.4002 5.4002 6.4002 7.4002 8.4002 9.4002 10.4002 11.4002 12.4002 
5.9834 4.9834 3.9834 2.9834 1.9834 0.9834 0.0166 1.0166 2.0166 3.0166 4.0166 5.0166 6.0166 7.0166 8.0166 
12.8365 11.8365 10.8365 9.8365 8.8365 7.8365 6.8365 5.8365 4.8365 3.8365 2.8365 1.8365 0.8365 0.1635 1.1635 
11.4084 10.4084 9.4084 8.4084 7.4084 6.4084 5.4084 4.4084 3.4084 2.4084 1.4084 0.4084 0.5916 1.5916 2.5916 
10.8491 9.8491 8.8491 7.8491 6.8491 5.8491 4.8491 3.8491 2.8491 1.8491 0.8491 0.1509 1.1509 2.1509 3.1509 
1.4704 0.4704 0.5296 1.5296 2.5296 3.5296 4.5296 5.5296 6.5296 7.5296 8.5296 9.5296 10.5296 11.5296 12.5296 
10.9212 9.9212 8.9212 7.9212 6.9212 5.9212 4.9212 3.9212 2.9212 1.9212 0.9212 0.0788 1.0788 2.0788 3.0788 
14.2176 13.2176 12.2176 11.2176 10.2176 9.2176 8.2176 7.2176 6.2176 5.2176 4.2176 3.2176 2.2176 1.2176 0.2176 
3.9104 2.9104 1.9104 0.9104 0.0896 1.0896 2.0896 3.0896 4.0896 5.0896 6.0896 7.0896 8.0896 9.0896 10.0896 
0.3296 0.6704 1.6704 2.6704 3.6704 4.6704 5.6704 6.6704 7.6704 8.6704 9.6704 10.6704 11.6704 12.6704 13.6704 

15
15
0.9001 1.9001 2.9001 3.9001 4.9001 5.9001 6.9001 7.9001 8.9001 9.9001 10.9001 11.9001 12.9001 13.9001 14.9001 
9.7695 8.7695 7.7695 6.7695 5.7695 4.7695 3.7695 2.7695 1.7695 0.7695 0.2305 1.2305 2.2305 3.2305 4.2305 
2.5416 1.5416 0.5416 0.4584 1.4584 2.4584 3.4584 4.4584 5.4584 6.4584 7.4584 8.4584 9.4584 10.4584 11.4584 
8.0454 7.0454 6.0454 5.0454 4.0454 3.0454 2.0454 1.0454 0.0454 0.9546 1.9546 2.9546 3.9546 4.9546 5.9546 
10.9710 9.9710 8.9710 7.9710 6.9710 5.9710 4.9710 3.9710 2.9710 1.9710 0.9710 0.0290 1.0290 2.0290 3.0290 
10.4255 9.4255 8.4255 7.4255 6.4255 5.4255 4.4255 3.4255 2.4255 1.4255 0.4255 0.5745 1.5745 2.5745 3.5745 
7.9868 6.9868 5.9868 4.9868 3.9868 2.9868 1.9868 0.9868 0.0132 1.0132 2.0132 3.0132 4.0132 5.0132 6.0132 
3.2042 2.2042 1.2042 0.2042 0.7958 1.7958 2.7958 3.7958 4.7958 5.7958 6.7958 7.7958 8.7958 9.7958 10.7958 
6.7965 5.7965 4.7965 3.7965 2.7965 1.7965 0.7965 0.2035 1.2035 2.2035 3.2035 4.2035 5.2035 6.2035 7.2035 
0.5340 1.5340 2.5340 3.5340 4.5340 5.5340 6.5340 7.5340 8.5340 9.5340 10.5340 11.5340 12.5340 13.5340 14.5340 
0.2114 0.7886 1.7886 2.7886 3.7886 4.7886 5.7886 6.7886 7.7886 8.7886 9.7886 10.7886 11.7886 12.7886 13.7886 
8.1411 7.1411 6.1411 5.1411 4.1411 3.1411 2.1411 1.1411 0.1411 0.8589 1.8589 2.8589 3.8589 4.8589 5.8589 
5.7293 4.7293 3.7293 2.7293 1.7293 0.7293 0.2707 1.2707 2.2707 3.2707 4.2707 5.2707 6.2707 7.2707 8.2707 
9.1243 8.1243 7.1243 6.1243 5.1243 4.1243 3.1243 2.1243 1.1243 0.1243 0.8757 1.8757 2.8757 3.8757 4.8757 
11.7563 10.7563 9.7563 8.7563 7.7563 6.7563 5.7563 4.7563 3.7563 2.7563 1.7563 0.7563 0.2437 1.2437 2.2437 

15
15
7.7336 6.7336 5.7336 4.7336 3.7336 2.7336 1.7336 0.7336 0.2664 1.2664 2.2664 3.2664 4.2664 5.2664 6.2664 
8.7881 7.7881 6.7881 5.7881 4.7881 3.7881 2.7881 1.7881 0.7881 0.2119 1.2119 2.2119 3.2119 4.2119 5.2119 
10.9520 9.9520 8.9520 7.9520 6.9520 5.9520 4.9520 3.9520 2.9520 1.9520 0.9520 0.0480 1.0480 2.0480 3.0480 
3.4710 2.4710 1.4710 0.4710 0.5290 1.5290 2.5290 3.5290 4.5290 5.5290 6.5290 7.5290 8.5290 9.5290 10.5290 
6.1224 5.1224 4.1224 3.1224 2.1224 1.1224 0.1224 0.8776 1.8776 2.8776 3.8776 4.8776 5.8776 6.8776 7.8776 
12.9114 11.9114 10.9114 9.9114 8.9114 7.9114 6.9114 5.9114 4.9114 3.9114 2.9114 1.9114 0.9114 0.0886 1.0886 
4.6818 3.6818 2.6818 1.6818 0.6818 0.3182 1.3182 2.3182 3.3182 4.3182 5.3182 6.3182 7.3182 8.3182 9.3182 
14.6547 13.6547 12.6547 11.6547 10.6547 9.6547 8.6547 7.6547 6.6547 5.6547 4.6547 3.6547 2.6547 1.6547 0.6547 
4.0344 3.0344 2.0344 1.0344 0.0344 0.9656 1.9656 2.9656 3.9656 4.9656 5.9656 6.9656 7.9656 8.9656 9.9656 
9.9388 8.9388 7.9388 6.9388 5.9388 4.9388 3.9388 2.9388 1.9388 0.9388 0.0612 1.0612 2.0612 3.0612 4.0612 
2.8922 1.8922 0.8922 0.1078 1.1078 2.1078 3.1078 4.1078 5.1078 6.1078 7.1078 8.1078 9.1078 10.1078 11.1078 
1.8992 0.8992 0.1008 1.1008 2.1008 3.1008 4.1008 5.1008 6.1008 7.1008 8.1008 9.1008 10.1008 11.1008 12.1008 
12.7686 11.7686 10.7686 9.7686 8.7686 7.7686 6.7686 5.7686 4.7686 3.7686 2.7686 1.7686 0.7686 0.2314 1.2314 
14.3841 13.3841 12.3841 11.3841 10.3841 9.3841 8.3841 7.3841 6.3841 5.3841 4.3841 3.3841 2.3841 1.3841 0.3841 
8.4207 7.4207 6.4207 5.4207 4.4207 3.4207 2.4207 1.4207 0.4207 0.5793 1.5793 2.5793 3.5793 4.5793 5.5793 

15
15
0.8089 1.8089 2.8089 3.8089 4.8089 5.8089 6.8089 7.8089 8.8089 9.8089 10.8089 11.8089 12.8089 13.8089 14.8089 
2.7989 1.7989 0.7989 0.2011 1.2011 2.2011 3.2011 4.2011 5.2011 6.2011 7.2011 8.2011 9.2011 10.2011 11.2011 
6.3782 5.3782 4.3782 3.3782 2.3782 1.3782 0.3782 0.6218 1.6218 2.6218 3.6218 4.6218 5.6218 6.6218 7.6218 
1.6104 0.6104 0.3896 1.3896 2.3896 3.3896 4.3896 5.3896 6.3896 7.3896 8.3896 9.3896 10.3896 11.3896 12.3896 
6.5995 5.5995 4.5995 3.5995 2.5995 1.5995 0.5995 0.4005 1.4005 2.4005 3.4005 4.4005 5.4005 6.4005 7.4005 
3.3399 2.3399 1.3399 0.3399 0.6601 1.6601 2.6601 3.6601 4.6601 5.6601 6.6601 7.6601 8.6601 9.6601 10.6601 
11.1789 10.1789 9.1789 8.1789 7.1789 6.1789 5.1789 4.1789 3.1789 2.1789 1.1789 0.1789 0.8211 1.8211 2.8211 
3.1192 2.1192 1.1192 0.1192 0.8808 1.8808 2.8808 3.8808 4.8808 5.8808 6.8808 7.8808 8.8808 9.8808 10.8808 
2.1394 1.1394 0.1394 0.8606 1.8606 2.8606 3.8606 4.8606 5.8606 6.8606 7.8606 8.8606 9.8606 10.8606 11.8606 
0.1075 0.8925 1.8925 2.8925 3.8925 4.8925 5.8925 6.8925 7.8925 8.8925 9.8925 10.8925 11.8925 12.8925 13.8925 
4.1557 3.1557 2.1557 1.1557 0.1557 0.8443 1.8443 2.8443 3.8443 4.8443 5.8443 6.8443 7.8443 8.8443 9.8443 
7.1570 6.1570 5.1570 4.1570 3.1570 2.1570 1.1570 0.1570 0.8430 1.8430 2.8430 3.8430 4.8430 5.8430 6.8430 
7.1653 6.1653 5.1653 4.1653 3.1653 2.1653 1.1653 0.1653 0.8347 1.8347 2.8347 3.8347 4.8347 5.8347 6.8347 
13.9028 12.9028 11.9028 10.9028 9.9028 8.9028 7.9028 6.9028 5.9028 4.9028 3.9028 2.9028 1.9028 0.9028 0.0972 
10.1782 9.1782 8.1782 7.1782 6.1782 5.1782 4.1782 3.1782 2.1782 1.1782 0.1782 0.8218 1.8218 2.8218 3.8218 

15
15
13.6608 12.6608 11.6608 10.6608 9.6608 8.6608 7.6608 6.6608 5.6608 4.6608 3.6608 2.6608 1.6608 0.6608 0.3392 
11.9185 10.9185 9.9185 8.9185 7.9185 6.9185 5.9185 4.9185 3.9185 2.9185 1.9185 0.9185 0.0815 1.0815 2.0815 
14.5326 13.5326 12.5326 11.5326 10.5326 9.5326 8.5326 7.5326 6.5326 5.5326 4.5326 3.5326 2.5326 1.5326 0.5326 
2.8487 1.8487 0.8487 0.1513 1.1513 2.1513 3.1513 4.1513 5.1513 6.1513 7.1513 8.1513 9.1513 10.1513 11.1513 
6.0564 5.0564 4.0564 3.0564 2.0564 1.0564 0.0564 0.9436 1.9436 2.9436 3.9436 4.9436 5.9436 6.9436 7.9436 
8.6145 7.6145 6.6145 5.6145 4.6145 3.6145 2.6145 1.6145 0.6145 0.3855 1.3855 2.3855 3.3855 4.3855 5.3855 
12.9763 11.9763 10.9763 9.9763 8.9763 7.9763 6.9763 5.9763 4.9763 3.9763 2.9763 1.9763 0.9763 0.0237 1.0237 
10.0368 9.0368 8.0368 7.0368 6.0368 5.0368 4.0368 3.0368 2.0368 1.0368 0.0368 0.9632 1.9632 2.9632 3.9632 
11.8953 10.8953 9.8953 8.8953 7.8953 6.8953 5.8953 4.8953 3.8953 2.8953 1.8953 0.8953 0.1047 1.1047 2.1047 
8.7225 7.7225 6.7225 5.7225 4.7225 3.7225 2.7225 1.7225 0.7225 0.2775 1.2775 2.2775 3.2775 4.2775 5.2775 
11.5935 10.5935 9.5935 8.5935 7.5935 6.5935 5.5935 4.5935 3.5935 2.5935 1.5935 0.5935 0.4065 1.4065 2.4065 
13.6886 12.6886 11.6886 10.6886 9.6886 8.6886 7.6886 6.6886 5.6886 4.6886 3.6886 2.6886 1.6886 0.6886 0.3114 
2.7985 1.7985 0.7985 0.2015 1.2015 2.2015 3.2015 4.2015 5.2015 6.2015 7.2015 8.2015 9.2015 10.2015 11.2015 
2.8571 1.8571 0.8571 0.1429 1.1429 2.1429 3.1429 4.1429 5.1429 6.1429 7.1429 8.1429 9.1429 10.1429 11.1429 
5.5624 4.5624 3.5624 2.5624 1.5624 0.5624 0.4376 1.4376 2.4376 3.4376 4.4376 5.4376 6.4376 7.4376 8.4376 

15
15
9.9012 8.9012 7.9012 6.9012 5.9012 4.9012 3.9012 2.9012 1.9012 0.9012 0.0988 1.0988 2.0988 3.0988 4.0988 
1.7758 0.7758 0.2242 1.2242 2.2242 3.2242 4.2242 5.2242 6.2242 7.2242 8.2242 9.2242 10.2242 11.2242 12.2242 
3.9651 2.9651 1.9651 0.9651 0.0349 1.0349 2.0349 3.0349 4.0349 5.0349 6.0349 7.0349 8.0349 9.0349 10.0349 
14.6272 13.6272 12.6272 11.6272 10.6272 9.6272 8.6272 7.6272 6.6272 5.6272 4.6272 3.6272 2.6272 1.6272 0.6272 
9.7641 8.7641 7.7641 6.7641 5.7641 4.7641 3.7641 2.7641 1.7641 0.7641 0.2359 1.2359 2.2359 3.2359 4.2359 
2.1350 1.1350 0.1350 0.8650 1.8650 2.8650 3.8650 4.8650 5.8650 6.8650 7.8650 8.8650 9.8650 10.8650 11.8650 
5.2570 4.2570 3.2570 2.2570 1.2570 0.2570 0.7430 1.7430 2.7430 3.7430 4.7430 5.7430 6.7430 7.7430 8.7430 
14.6226 13.6226 12.6226 11.6226 10.6226 9.6226 8.6226 7.6226 6.6226 5.6226 4.6226 3.6226 2.6226 1.6226 0.6226 
4.4896 3.4896 2.4896 1.4896 0.4896 0.5104 1.5104 2.5104 3.5104 4.5104 5.5104 6.5104 7.5104 8.5104 9.5104 
10.8304 9.8304 8.8304 7.8304 6.8304 5.8304 4.8304 3.8304 2.8304 1.8304 0.8304 0.1696 1.1696 2.1696 3.1696 
3.5998 2.5998 1.5998 0.5998 0.4002 1.4002 2.4002 3.4002 4.4002 5.4002 6.4002 7.4002 8.4002 9.4002 10.4002 
1.1369 0.1369 0.8631 1.8631 2.8631 3.8631 4.8631 5.8631 6.8631 7.8631 8.8631 9.8631 10.8631 11.8631 12.8631 
13.8674 12.8674 11.8674 10.8674 9.8674 8.8674 7.8674 6.8674 5.8674 4.8674 3.8674 2.8674 1.8674 0.8674 0.1326 
6.2444 5.2444 4.2444 3.2444 2.2444 1.2444 0.2444 0.7556 1.7556 2.7556 3.7556 4.7556 5.7556 6.7556 7.7556 
2.8508 1.8508 0.8508 0.1492 1.1492 2.1492 3.1492 4.1492 5.1492 6.1492 7.1492 8.1492 9.1492 10.1492 11.1492 

15
15
5.0632 4.0632 3.0632 2.0632 1.0632 0.0632 0.9368 1.9368 2.9368 3.9368 4.9368 5.9368 6.9368 7.9368 8.9368 
13.0941 12.0941 11.0941 10.0941 9.0941 8.0941 7.0941 6.0941 5.0941 4.0941 3.0941 2.0941 1.0941 0.0941 0.9059 
6.0357 5.0357 4.0357 3.0357 2.0357 1.0357 0.0357 0.9643 1.9643 2.9643 3.9643 4.9643 5.9643 6.9643 7.9643 
0.1212 1.1212 2.1212 3.1212 4.1212 5.1212 6.1212 7.1212 8.1212 9.1212 10.1212 11.1212 12.1212 13.1212 14.1212 
3.6798 2.6798 1.6798 0.6798 0.3202 1.3202 2.3202 3.3202 4.3202 5.3202 6.3202 7.3202 8.3202 9.3202 10.3202 
5.5445 4.5445 3.5445 2.5445 1.5445 0.5445 0.4555 1.4555 2.4555 3.4555 4.4555 5.4555 6.4555 7.4555 8.4555 
14.8273 13.8273 12.8273 11.8273 10.8273 9.8273 8.8273 7.8273 6.8273 5.8273 4.8273 3.8273 2.8273 1.8273 0.8273 
0.7871 0.2129 1.2129 2.2129 3.2129 4.2129 5.2129 6.2129 7.2129 8.2129 9.2129 10.2129 11.2129 12.2129 13.2129 
11.2920 10.2920 9.2920 8.2920 7.2920 6.2920 5.2920 4.2920 3.2920 2.2920 1.2920 0.2920 0.7080 1.7080 2.7080 
2.0689 1.0689 0.0689 0.9311 1.9311 2.9311 3.9311 4.9311 5.9311 6.9311 7.9311 8.9311 9.9311 10.9311 11.9311 
12.1501 11.1501 10.1501 9.1501 8.1501 7.1501 6.1501 5.1501 4.1501 3.1501 2.1501 1.1501 0.1501 0.8499 1.8499 
4.1124 3.1124 2.1124 1.1124 0.1124 0.8876 1.8876 2.8876 3.8876 4.8876 5.8876 6.8876 7.8876 8.8876 9.8876 
6.3578 5.3578 4.3578 3.3578 2.3578 1.3578 0.3578 0.6422 1.6422 2.6422 3.6422 4.6422 5.6422 6.6422 7.6422 
4.9112 3.9112 2.9112 1.9112 0.9112 0.0888 1.0888 2.0888 3.0888 4.0888 5.0888 6.0888 7.0888 8.0888 9.0888 
4.1951 3.1951 2.1951 1.1951 0.1951 0.8049 1.8049 2.8049 3.8049 4.8049 5.8049 6.8049 7.8049 8.8049 9.8049 

15
15
5.5474 4.5474 3.5474 2.5474 1.5474 0.5474 0.4526 1.4526 2.4526 3.4526 4.4526 5.4526 6.4526 7.4526 8.4526 
13.4090 12.4090 11.4090 10.4090 9.4090 8.4090 7.4090 6.4090 5.4090 4.4090 3.4090 2.4090 1.4090 0.4090 0.5910 
12.3660 11.3660 10.3660 9.3660 8.3660 7.3660 6.3660 5.3660 4.3660 3.3660 2.3660 1.3660 0.3660 0.6340 1.6340 
10.5730 9.5730 8.5730 7.5730 6.5730 5.5730 4.5730 3.5730 2.5730 1.5730 0.5730 0.4270 1.4270 2.4270 3.4270 
8.9921 7.9921 6.9921 5.9921 4.9921 3.9921 2.9921 1.9921 0.9921 0.0079 1.0079 2.0079 3.0079 4.0079 5.0079 
0.0263 1.0263 2.0263 3.0263 4.0263 5.0263 6.0263 7.0263 8.0263 9.0263 10.0263 11.0263 12.0263 13.0263 14.0263 
6.7991 5.7991 4.7991 3.7991 2.7991 1.7991 0.7991 0.2009 1.2009 2.2009 3.2009 4.2009 5.2009 6.2009 7.2009 
9.4144 8.4144 7.4144 6.4144 5.4144 4.4144 3.4144 2.4144 1.4144 0.4144 0.5856 1.5856 2.5856 3.5856 4.5856 
11.5119 10.5119 9.5119 8.5119 7.5119 6.5119 5.5119 4.5119 3.5119 2.5119 1.5119 0.5119 0.4881 1.4881 2.4881 
7.0926 6.0926 5.0926 4.0926 3.0926 2.0926 1.0926 0.0926 0.9074 1.9074 2.9074 3.9074 4.9074 5.9074 6.9074 
7.6813 6.6813 5.6813 4.6813 3.6813 2.6813 1.6813 0.6813 0.3187 1.3187 2.3187 3.3187 4.3187 5.3187 6.3187 
0.7903 0.2097 1.2097 2.2097 3.2097 4.2097 5.2097 6.2097 7.2097 8.2097 9.2097 10.2097 11.2097 12.2097 13.2097 
13.0400 12.0400 11.0400 10.0400 9.0400 8.0400 7.0400 6.0400 5.0400 4.0400 3.0400 2.0400 1.0400 0.0400 0.9600 
2.9142 1.9142 0.9142 0.0858 1.0858 2.0858 3.0858 4.0858 5.0858 6.0858 7.0858 8.0858 9.0858 10.0858 11.0858 
2.7924 1.7924 0.7924 0.2076 1.2076 2.2076 3.2076 4.2076 5.2076 6.2076 7.2076 8.2076 9.2076 10.2076 11.2076 

15
15
5.5692 4.5692 3.5692 2.5692 1.5692 0.5692 0.4308 1.4308 2.4308 3.4308 4.4308 5.4308 6.4308 7.4308 8.4308 
13.4326 12.4326 11.4326 10.4326 9.4326 8.4326 7.4326 6.4326 5.4326 4.4326 3.4326 2.4326 1.4326 0.4326 0.5674 
12.2455 11.2455 10.2455 9.2455 8.2455 7.2455 6.2455 5.2455 4.2455 3.2455 2.2455 1.2455 0.2455 0.7545 1.7545 
2.7737 1.7737 0.7737 0.2263 1.2263 2.2263 3.2263 4.2263 5.2263 6.2263 7.2263 8.2263 9.2263 10.2263 11.2263 
2.4693 1.4693 0.4693 0.5307 1.5307 2.5307 3.5307 4.5307 5.5307 6.5307 7.5307 8.5307 9.5307 10.5307 11.5307 
3.7461 2.7461 1.7461 0.7461 0.2539 1.2539 2.2539 3.2539 4.2539 5.2539 6.2539 7.2539 8.2539 9.2539 10.2539 
2.8231 1.8231 0.8231 0.1769 1.1769 2.1769 3.1769 4.1769 5.1769 6.1769 7.1769 8.1769 9.1769 10.1769 11.1769 
12.7199 11.7199 10.7199 9.7199 8.7199 7.7199 6.7199 5.7199 4.7199 3.7199 2.7199 1.7199 0.7199 0.2801 1.2801 
8.2045 7.2045 6.2045 5.2045 4.2045 3.2045 2.2045 1.2045 0.2045 0.7955 1.7955 2.7955 3.7955 4.7955 5.7955 
7.3759 6.3759 5.3759 4.3759 3.3759 2.3759 1.3759 0.3759 0.6241 1.6241 2.6241 3.6241 4.6241 5.6241 6.6241 
9.4617 8.4617 7.4617 6.4617 5.4617 4.4617 3.4617 2.4617 1.4617 0.4617 0.5383 1.5383 2.5383 3.5383 4.5383 
11.5192 10.5192 9.5192 8.5192 7.5192 6.5192 5.5192 4.5192 3.5192 2.5192 1.5192 0.5192 0.4808 1.4808 2.4808 
4.2654 3.2654 2.2654 1.2654 0.2654 0.7346 1.7346 2.7346 3.7346 4.7346 5.7346 6.7346 7.7346 8.7346 9.7346 
7.9570 6.9570 5.9570 4.9570 3.9570 2.9570 1.9570 0.9570 0.0430 1.0430 2.0430 3.0430 4.0430 5.0430 6.0430 
2.1278 1.1278 0.1278 0.8722 1.8722 2.8722 3.8722 4.8722 5.8722 6.8722 7.8722 8.8722 9.8722 10.8722 11.8722 

15
15
3.1626 2.1626 1.1626 0.1626 0.8374 1.8374 2.8374 3.8374 4.8374 5.8374 6.8374 7.8374 8.8374 9.8374 10.8374 
1.0122 0.0122 0.9878 1.9878 2.9878 3.9878 4.9878 5.9878 6.9878 7.9878 8.9878 9.9878 10.9878 11.9878 12.9878 
10.6977 9.6977 8.6977 7.6977 6.6977 5.6977 4.6977 3.6977 2.6977 1.6977 0.6977 0.3023 1.3023 2.3023 3.3023 
5.3765 4.3765 3.3765 2.3765 1.3765 0.3765 0.6235 1.6235 2.6235 3.6235 4.6235 5.6235 6.6235 7.6235 8.6235 
14.2635 13.2635 12.2635 11.2635 10.2635 9.2635 8.2635 7.2635 6.2635 5.2635 4.2635 3.2635 2.2635 1.2635 0.2635 
13.4039 12.4039 11.4039 10.4039 9.4039 8.4039 7.4039 6.4039 5.4039 4.4039 3.4039 2.4039 1.4039 0.4039 0.5961 
2.0780 1.0780 0.0780 0.9220 1.9220 2.9220 3.9220 4.9220 5.9220 6.9220 7.9220 8.9220 9.9220 10.9220 11.9220 
2.4795 1.4795 0.4795 0.5205 1.5205 2.5205 3.5205 4.5205 5.5205 6.5205 7.5205 8.5205 9.5205 10.5205 11.5205 
6.5406 5.5406 4.5406 3.5406 2.5406 1.5406 0.5406 0.4594 1.4594 2.4594 3.4594 4.4594 5.4594 6.4594 7.4594 
6.8229 5.8229 4.8229 3.8229 2.8229 1.8229 0.8229 0.1771 1.1771 2.1771 3.1771 4.1771 5.1771 6.1771 7.1771 
7.6134 6.6134 5.6134 4.6134 3.6134 2.6134 1.6134 0.6134 0.3866 1.3866 2.3866 3.3866 4.3866 5.3866 6.3866 
0.0361 1.0361 2.0361 3.0361 4.0361 5.0361 6.0361 7.0361 8.0361 9.0361 10.0361 11.0361 12.0361 13.0361 14.0361 
4.0341 3.0341 2.0341 1.0341 0.0341 0.9659 1.9659 2.9659 3.9659 4.9659 5.9659 6.9659 7.9659 8.9659 9.9659 
12.0978 11.0978 10.0978 9.0978 8.0978 7.0978 6.0978 5.0978 4.0978 3.0978 2.0978 1.0978 0.0978 0.9022 1.9022 
6.6508 5.6508 4.6508 3.6508 2.6508 1.6508 0.6508 0.3492 1.3492 2.3492 3.3492 4.3492 5.3492 6.3492 7.3492 

15
15
7.1721 6.1721 5.1721 4.1721 3.1721 2.1721 1.1721 0.1721 0.8279 1.8279 2.8279 3.8279 4.8279 5.8279 6.8279 
6.3419 5.3419 4.3419 3.3419 2.3419 1.3419 0.3419 0.6581 1.6581 2.6581 3.6581 4.6581 5.6581 6.6581 7.6581 
13.9668 12.9668 11.9668 10.9668 9.9668 8.9668 7.9668 6.9668 5.9668 4.9668 3.9668 2.9668 1.9668 0.9668 0.0332 
2.9243 1.9243 0.9243 0.0757 1.0757 2.0757 3.0757 4.0757 5.0757 6.0757 7.0757 8.0757 9.0757 10.0757 11.0757 
0.8421 0.1579 1.1579 2.1579 3.1579 4.1579 5.1579 6.1579 7.1579 8.1579 9.1579 10.1579 11.1579 12.1579 13.1579 
0.8242 1.8242 2.8242 3.8242 4.8242 5.8242 6.8242 7.8242 8.8242 9.8242 10.8242 11.8242 12.8242 13.8242 14.8242 
14.8657 13.8657 12.8657 11.8657 10.8657 9.8657 8.8657 7.8657 6.8657 5.8657 4.8657 3.8657 2.8657 1.8657 0.8657 
5.8705 4.8705 3.8705 2.8705 1.8705 0.8705 0.1295 1.1295 2.1295 3.1295 4.1295 5.1295 6.1295 7.1295 8.1295 
12.6007 11.6007 10.6007 9.6007 8.6007 7.6007 6.6007 5.6007 4.6007 3.6007 2.6007 1.6007 0.6007 0.3993 1.3993 
6.0554 5.0554 4.0554 3.0554 2.0554 1.0554 0.0554 0.9446 1.9446 2.9446 3.9446 4.9446 5.9446 6.9446 7.9446 
2.0636 1.0636 0.0636 0.9364 1.9364 2.9364 3.9364 4.9364 5.9364 6.9364 7.9364 8.9364 9.9364 10.9364 11.9364 
2.4645 1.4645 0.4645 0.5355 1.5355 2.5355 3.5355 4.5355 5.5355 6.5355 7.5355 8.5355 9.5355 10.5355 11.5355 
9.6504 8.6504 7.6504 6.6504 5.6504 4.6504 3.6504 2.6504 1.6504 0.6504 0.3496 1.3496 2.3496 3.3496 4.3496 
9.9718 8.9718 7.9718 6.9718 5.9718 4.9718 3.9718 2.9718 1.9718 0.9718 0.0282 1.0282 2.0282 3.0282 4.0282 
8.8112 7.8112 6.8112 5.8112 4.8112 3.8112 2.8112 1.8112 0.8112 0.1888 1.1888 2.1888 3.1888 4.1888 5.1888 

15
15
8.6028 7.6028 6.6028 5.6028 4.6028 3.6028 2.6028 1.6028 0.6028 0.3972 1.3972 2.3972 3.3972 4.3972 5.3972 
11.8226 10.8226 9.8226 8.8226 7.8226 6.8226 5.8226 4.8226 3.8226 2.8226 1.8226 0.8226 0.1774 1.1774 2.1774 
0.6302 1.6302 2.6302 3.6302 4.6302 5.6302 6.6302 7.6302 8.6302 9.6302 10.6302 11.6302 12.6302 13.6302 14.6302 
11.3070 10.3070 9.3070 8.3070 7.3070 6.3070 5.3070 4.3070 3.3070 2.3070 1.3070 0.3070 0.6930 1.6930 2.6930 
14.8300 13.8300 12.8300 11.8300 10.8300 9.8300 8.8300 7.8300 6.8300 5.8300 4.8300 3.8300 2.8300 1.8300 0.8300 
5.5602 4.5602 3.5602 2.5602 1.5602 0.5602 0.4398 1.4398 2.4398 3.4398 4.4398 5.4398 6.4398 7.4398 8.4398 
14.8116 13.8116 12.8116 11.8116 10.8116 9.8116 8.8116 7.8116 6.8116 5.8116 4.8116 3.8116 2.8116 1.8116 0.8116 
10.9269 9.9269 8.9269 7.9269 6.9269 5.9269 4.9269 3.9269 2.9269 1.9269 0.9269 0.0731 1.0731 2.0731 3.0731 
11.4648 10.4648 9.4648 8.4648 7.4648 6.4648 5.4648 4.4648 3.4648 2.4648 1.4648 0.4648 0.5352 1.5352 2.5352 
5.2832 4.2832 3.2832 2.2832 1.2832 0.2832 0.7168 1.7168 2.7168 3.7168 4.7168 5.7168 6.7168 7.7168 8.7168 
11.2023 10.2023 9.2023 8.2023 7.2023 6.2023 5.2023 4.2023 3.2023 2.2023 1.2023 0.2023 0.7977 1.7977 2.7977 
11.3040 10.3040 9.3040 8.3040 7.3040 6.3040 5.3040 4.3040 3.3040 2.3040 1.3040 0.3040 0.6960 1.6960 2.6960 
12.9522 11.9522 10.9522 9.9522 8.9522 7.9522 6.9522 5.9522 4.9522 3.9522 2.9522 1.9522 0.9522 0.0478 1.0478 
2.9817 1.9817 0.9817 0.0183 1.0183 2.0183 3.0183 4.0183 5.0183 6.0183 7.0183 8.0183 9.0183 10.0183 11.0183 
5.4708 4.4708 3.4708 2.4708 1.4708 0.4708 0.5292 1.5292 2.5292 3.5292 4.5292 5.5292 6.5292 7.5292 8.5292 

15
15
0.4853 0.5147 1.5147 2.5147 3.5147 4.5147 5.5147 6.5147 7.5147 8.5147 9.5147 10.5147 11.5147 12.5147 13.5147 
12.5320 11.5320 10.5320 9.5320 8.5320 7.5320 6.5320 5.5320 4.5320 3.5320 2.5320 1.5320 0.5320 0.4680 1.4680 
1.7700 0.7700 0.2300 1.2300 2.2300 3.2300 4.2300 5.2300 6.2300 7.2300 8.2300 9.2300 10.2300 11.2300 12.2300 
0.8811 1.8811 2.8811 3.8811 4.8811 5.8811 6.8811 7.8811 8.8811 9.8811 10.8811 11.8811 12.8811 13.8811 14.8811 
1.5330 0.5330 0.4670 1.4670 2.4670 3.4670 4.4670 5.4670 6.4670 7.4670 8.4670 9.4670 10.4670 11.4670 12.4670 
6.0786 5.0786 4.0786 3.0786 2.0786 1.0786 0.0786 0.9214 1.9214 2.9214 3.9214 4.9214 5.9214 6.9214 7.9214 
8.5299 7.5299 6.5299 5.5299 4.5299 3.5299 2.5299 1.5299 0.5299 0.4701 1.4701 2.4701 3.4701 4.4701 5.4701 
5.0623 4.0623 3.0623 2.0623 1.0623 0.0623 0.9377 1.9377 2.9377 3.9377 4.9377 5.9377 6.9377 7.9377 8.9377 
0.5791 0.4209 1.4209 2.4209 3.4209 4.4209 5.4209 6.4209 7.4209 8.4209 9.4209 10.4209 11.4209 12.4209 13.4209 
4.2341 3.2341 2.2341 1.2341 0.2341 0.7659 1.7659 2.7659 3.7659 4.7659 5.7659 6.7659 7.7659 8.7659 9.7659 
12.6559 11.6559 10.6559 9.6559 8.6559 7.6559 6.6559 5.6559 4.6559 3.6559 2.6559 1.6559 0.6559 0.3441 1.3441 
0.7079 0.2921 1.2921 2.2921 3.2921 4.2921 5.2921 6.2921 7.2921 8.2921 9.2921 10.2921 11.2921 12.2921 13.2921 
11.4819 10.4819 9.4819 8.4819 7.4819 6.4819 5.4819 4.4819 3.4819 2.4819 1.4819 0.4819 0.5181 1.5181 2.5181 
8.7234 7.7234 6.7234 5.7234 4.7234 3.7234 2.7234 1.7234 0.7234 0.2766 1.2766 2.2766 3.2766 4.2766 5.2766 
10.3120 9.3120 8.3120 7.3120 6.3120 5.3120 4.3120 3.3120 2.3120 1.3120 0.3120 0.6880 1.6880 2.6880 3.6880 

15
15
14.2233 13.2233 12.2233 11.2233 10.2233 9.2233 8.2233 7.2233 6.2233 5.2233 4.2233 3.2233 2.2233 1.2233 0.2233 
10.8736 9.8736 8.8736 7.8736 6.8736 5.8736 4.8736 3.8736 2.8736 1.8736 0.8736 0.1264 1.1264 2.1264 3.1264 
6.0008 5.0008 4.0008 3.0008 2.0008 1.0008 0.0008 0.9992 1.9992 2.9992 3.9992 4.9992 5.9992 6.9992 7.9992 
14.4957 13.4957 12.4957 11.4957 10.4957 9.4957 8.4957 7.4957 6.4957 5.4957 4.4957 3.4957 2.4957 1.4957 0.4957 
4.4715 3.4715 2.4715 1.4715 0.4715 0.5285 1.5285 2.5285 3.5285 4.5285 5.5285 6.5285 7.5285 8.5285 9.5285 
8.5301 7.5301 6.5301 5.5301 4.5301 3.5301 2.5301 1.5301 0.5301 0.4699 1.4699 2.4699 3.4699 4.4699 5.4699 
1.1506 0.1506 0.8494 1.8494 2.8494 3.8494 4.8494 5.8494 6.8494 7.8494 8.8494 9.8494 10.8494 11.8494 12.8494 
8.5978 7.5978 6.5978 5.5978 4.5978 3.5978 2.5978 1.5978 0.5978 0.4022 1.4022 2.4022 3.4022 4.4022 5.4022 
5.1011 4.1011 3.1011 2.1011 1.1011 0.1011 0.8989 1.8989 2.8989 3.8989 4.8989 5.8989 6.8989 7.8989 8.8989 
9.6329 8.6329 7.6329 6.6329 5.6329 4.6329 3.6329 2.6329 1.6329 0.6329 0.3671 1.3671 2.3671 3.3671 4.3671 
9.2220 8.2220 7.2220 6.2220 5.2220 4.2220 3.2220 2.2220 1.2220 0.2220 0.7780 1.7780 2.7780 3.7780 4.7780 
3.0370 2.0370 1.0370 0.0370 0.9630 1.9630 2.9630 3.9630 4.9630 5.9630 6.9630 7.9630 8.9630 9.9630 10.9630 
1.7949 0.7949 0.2051 1.2051 2.2051 3.2051 4.2051 5.2051 6.2051 7.2051 8.2051 9.2051 10.2051 11.2051 12.2051 
13.6353 12.6353 11.6353 10.6353 9.6353 8.6353 7.6353 6.6353 5.6353 4.6353 3.6353 2.6353 1.6353 0.6353 0.3647 
11.9512 10.9512 9.9512 8.9512 7.9512 6.9512 5.9512 4.9512 3.9512 2.9512 1.9512 0.9512 0.0488 1.0488 2.0488 

15
15
4.9373 3.9373 2.9373 1.9373 0.9373 0.0627 1.0627 2.0627 3.0627 4.0627 5.0627 6.0627 7.0627 8.0627 9.0627 
6.6976 5.6976 4.6976 3.6976 2.6976 1.6976 0.6976 0.3024 1.3024 2.3024 3.3024 4.3024 5.3024 6.3024 7.3024 
7.0839 6.0839 5.0839 4.0839 3.0839 2.0839 1.0839 0.0839 0.9161 1.9161 2.9161 3.9161 4.9161 5.9161 6.9161 
0.9164 1.9164 2.9164 3.9164 4.9164 5.9164 6.9164 7.9164 8.9164 9.9164 10.9164 11.9164 12.9164 13.9164 14.9164 
9.7094 8.7094 7.7094 6.7094 5.7094 4.7094 3.7094 2.7094 1.7094 0.7094 0.2906 1.2906 2.2906 3.2906 4.2906 
9.5582 8.5582 7.5582 6.5582 5.5582 4.5582 3.5582 2.5582 1.5582 0.5582 0.4418 1.4418 2.4418 3.4418 4.4418 
8.8894 7.8894 6.8894 5.8894 4.8894 3.8894 2.8894 1.8894 0.8894 0.1106 1.1106 2.1106 3.1106 4.1106 5.1106 
9.2782 8.2782 7.2782 6.2782 5.2782 4.2782 3.2782 2.2782 1.2782 0.2782 0.7218 1.7218 2.7218 3.7218 4.7218 
14.7864 13.7864 12.7864 11.7864 10.7864 9.7864 8.7864 7.7864 6.7864 5.7864 4.7864 3.7864 2.7864 1.7864 0.7864 
9.1380 8.1380 7.1380 6.1380 5.1380 4.1380 3.1380 2.1380 1.1380 0.1380 0.8620 1.8620 2.8620 3.8620 4.8620 
8.1788 7.1788 6.1788 5.1788 4.1788 3.1788 2.1788 1.1788 0.1788 0.8212 1.8212 2.8212 3.8212 4.8212 5.8212 
13.8415 12.8415 11.8415 10.8415 9.8415 8.8415 7.8415 6.8415 5.8415 4.8415 3.8415 2.8415 1.8415 0.8415 0.1585 
3.6532 2.6532 1.6532 0.6532 0.3468 1.3468 2.3468 3.3468 4.3468 5.3468 6.3468 7.3468 8.3468 9.3468 10.3468 
0.9519 0.0481 1.0481 2.0481 3.0481 4.0481 5.0481 6.0481 7.0481 8.0481 9.0481 10.0481 11.0481 12.0481 13.0481 
9.0041 8.0041 7.0041 6.0041 5.0041 4.0041 3.0041 2.0041 1.0041 0.0041 0.9959 1.9959 2.9959 3.9959 4.9959 

15
15
11.3008 10.3008 9.3008 8.3008 7.3008 6.3008 5.3008 4.3008 3.3008 2.3008 1.3008 0.3008 0.6992 1.6992 2.6992 
12.7045 11.7045 10.7045 9.7045 8.7045 7.7045 6.7045 5.7045 4.7045 3.7045 2.7045 1.7045 0.7045 0.2955 1.2955 
10.4243 9.4243 8.4243 7.4243 6.4243 5.4243 4.4243 3.4243 2.4243 1.4243 0.4243 0.5757 1.5757 2.5757 3.5757 
2.8205 1.8205 0.8205 0.1795 1.1795 2.1795 3.1795 4.1795 5.1795 6.1795 7.1795 8.1795 9.1795 10.1795 11.1795 
14.0973 13.0973 12.0973 11.0973 10.0973 9.0973 8.0973 7.0973 6.0973 5.0973 4.0973 3.0973 2.0973 1.0973 0.0973 
6.3504 5.3504 4.3504 3.3504 2.3504 1.3504 0.3504 0.6496 1.6496 2.6496 3.6496 4.6496 5.6496 6.6496 7.6496 
6.0590 5.0590 4.0590 3.0590 2.0590 1.0590 0.0590 0.9410 1.9410 2.9410 3.9410 4.9410 5.9410 6.9410 7.9410 
0.7908 0.2092 1.2092 2.2092 3.2092 4.2092 5.2092 6.2092 7.2092 8.2092 9.2092 10.2092 11.2092 12.2092 13.2092 
14.4412 13.4412 12.4412 11.4412 10.4412 9.4412 8.4412 7.4412 6.4412 5.4412 4.4412 3.4412 2.4412 1.4412 0.4412 
11.1852 10.1852 9.1852 8.1852 7.1852 6.1852 5.1852 4.1852 3.1852 2.1852 1.1852 0.1852 0.8148 1.8148 2.8148 
5.2364 4.2364 3.2364 2.2364 1.2364 0.2364 0.7636 1.7636 2.7636 3.7636 4.7636 5.7636 6.7636 7.7636 8.7636 
9.6113 8.6113 7.6113 6.6113 5.6113 4.6113 3.6113 2.6113 1.6113 0.6113 0.3887 1.3887 2.3887 3.3887 4.3887 
10.6371 9.6371 8.6371 7.6371 6.6371 5.6371 4.6371 3.6371 2.6371 1.6371 0.6371 0.3629 1.3629 2.3629 3.3629 
13.9216 12.9216 11.9216 10.9216 9.9216 8.9216 7.9216 6.9216 5.9216 4.9216 3.9216 2.9216 1.9216 0.9216 0.0784 
7.7664 6.7664 5.7664 4.7664 3.7664 2.7664 1.7664 0.7664 0.2336 1.2336 2.2336 3.2336 4.2336 5.2336 6.2336 

15
15
2.6949 1.6949 0.6949 0.3051 1.3051 2.3051 3.3051 4.3051 5.3051 6.3051 7.3051 8.3051 9.3051 10.3051 11.3051 
13.9565 12.9565 11.9565 10.9565 9.9565 8.9565 7.9565 6.9565 5.9565 4.9565 3.9565 2.9565 1.9565 0.9565 0.0435 
14.1842 13.1842 12.1842 11.1842 10.1842 9.1842 8.1842 7.1842 6.1842 5.1842 4.1842 3.1842 2.1842 1.1842 0.1842 
7.3442 6.3442 5.3442 4.3442 3.3442 2.3442 1.3442 0.3442 0.6558 1.6558 2.6558 3.6558 4.6558 5.6558 6.6558 
11.1897 10.1897 9.1897 8.1897 7.1897 6.1897 5.1897 4.1897 3.1897 2.1897 1.1897 0.1897 0.8103 1.8103 2.8103 
7.3957 6.3957 5.3957 4.3957 3.3957 2.3957 1.3957 0.3957 0.6043 1.6043 2.6043 3.6043 4.6043 5.6043 6.6043 
14.1496 13.1496 12.1496 11.1496 10.1496 9.1496 8.1496 7.1496 6.1496 5.1496 4.1496 3.1496 2.1496 1.1496 0.1496 
14.5675 13.5675 12.5675 11.5675 10.5675 9.5675 8.5675 7.5675 6.5675 5.5675 4.5675 3.5675 2.5675 1.5675 0.5675 
4.4493 3.4493 2.4493 1.4493 0.4493 0.5507 1.5507 2.5507 3.5507 4.5507 5.5507 6.5507 7.5507 8.5507 9.5507 
11.4265 10.4265 9.4265 8.4265 7.4265 6.4265 5.4265 4.4265 3.4265 2.4265 1.4265 0.4265 0.5735 1.5735 2.5735 
6.4048 5.4048 4.4048 3.4048 2.4048 1.4048 0.4048 0.5952 1.5952 2.5952 3.5952 4.5952 5.5952 6.5952 7.5952 
9.1923 8.1923 7.1923 6.1923 5.1923 4.1923 3.1923 2.1923 1.1923 0.1923 0.8077 1.8077 2.8077 3.8077 4.8077 
7.2153 6.2153 5.2153 4.2153 3.2153 2.2153 1.2153 0.2153 0.7847 1.7847 2.7847 3.7847 4.7847 5.7847 6.7847 
8.1102 7.1102 6.1102 5.1102 4.1102 3.1102 2.1102 1.1102 0.1102 0.8898 1.8898 2.8898 3.8898 4.8898 5.8898 
5.2937 4.2937 3.2937 2.2937 1.2937 0.2937 0.7063 1.7063 2.7063 3.7063 4.7063 5.7063 6.7063 7.7063 8.7063 

15
15
7.8195 6.8195 5.8195 4.8195 3.8195 2.8195 1.8195 0.8195 0.1805 1.1805 2.1805 3.1805 4.1805 5.1805 6.1805 
14.9080 13.9080 12.9080 11.9080 10.9080 9.9080 8.9080 7.9080 6.9080 5.9080 4.9080 3.9080 2.9080 1.9080 0.9080 
3.7129 2.7129 1.7129 0.7129 0.2871 1.2871 2.2871 3.2871 4.2871 5.2871 6.2871 7.2871 8.2871 9.2871 10.2871 
0.5943 1.5943 2.5943 3.5943 4.5943 5.5943 6.5943 7.5943 8.5943 9.5943 10.5943 11.5943 12.5943 13.5943 14.5943 
10.2193 9.2193 8.2193 7.2193 6.2193 5.2193 4.2193 3.2193 2.2193 1.2193 0.2193 0.7807 1.7807 2.7807 3.7807 
0.9328 1.9328 2.9328 3.9328 4.9328 5.9328 6.9328 7.9328 8.9328 9.9328 10.9328 11.9328 12.9328 13.9328 14.9328 
3.2244 2.2244 1.2244 0.2244 0.7756 1.7756 2.7756 3.7756 4.7756 5.7756 6.7756 7.7756 8.7756 9.7756 10.7756 
7.7558 6.7558 5.7558 4.7558 3.7558 2.7558 1.7558 0.7558 0.2442 1.2442 2.2442 3.2442 4.2442 5.2442 6.2442 
9.0166 8.0166 7.0166 6.0166 5.0166 4.0166 3.0166 2.0166 1.0166 0.0166 0.9834 1.9834 2.9834 3.9834 4.9834 
2.1229 1.1229 0.1229 0.8771 1.8771 2.8771 3.8771 4.8771 5.8771 6.8771 7.8771 8.8771 9.8771 10.8771 11.8771 
0.0506 1.0506 2.0506 3.0506 4.0506 5.0506 6.0506 7.0506 8.0506 9.0506 10.0506 11.0506 12.0506 13.0506 14.0506 
0.4078 1.4078 2.4078 3.4078 4.4078 5.4078 6.4078 7.4078 8.4078 9.4078 10.4078 11.4078 12.4078 13.4078 14.4078 
9.4764 8.4764 7.4764 6.4764 5.4764 4.4764 3.4764 2.4764 1.4764 0.4764 0.5236 1.5236 2.5236 3.5236 4.5236 
12.3151 11.3151 10.3151 9.3151 8.3151 7.3151 6.3151 5.3151 4.3151 3.3151 2.3151 1.3151 0.3151 0.6849 1.6849 
1.6057 0.6057 0.3943 1.3943 2.3943 3.3943 4.3943 5.3943 6.3943 7.3943 8.3943 9.3943 10.3943 11.3943 12.3943 

15
15
0.3377 1.3377 2.3377 3.3377 4.3377 5.3377 6.3377 7.3377 8.3377 9.3377 10.3377 11.3377 12.3377 13.3377 14.3377 
4.6433 3.6433 2.6433 1.6433 0.6433 0.3567 1.3567 2.3567 3.3567 4.3567 5.3567 6.3567 7.3567 8.3567 9.3567 
9.7267 8.7267 7.7267 6.7267 5.7267 4.7267 3.7267 2.7267 1.7267 0.7267 0.2733 1.2733 2.2733 3.2733 4.2733 
5.1273 4.1273 3.1273 2.1273 1.1273 0.1273 0.8727 1.8727 2.8727 3.8727 4.8727 5.8727 6.8727 7.8727 8.8727 
7.1538 6.1538 5.1538 4.1538 3.1538 2.1538 1.1538 0.1538 0.8462 1.8462 2.8462 3.8462 4.8462 5.8462 6.8462 
6.1053 5.1053 4.1053 3.1053 2.1053 1.1053 0.1053 0.8947 1.8947 2.8947 3.8947 4.8947 5.8947 6.8947 7.8947 
11.0287 10.0287 9.0287 8.0287 7.0287 6.0287 5.0287 4.0287 3.0287 2.0287 1.0287 0.0287 0.9713 1.9713 2.9713 
0.3602 1.3602 2.3602 3.3602 4.3602 5.3602 6.3602 7.3602 8.3602 9.3602 10.3602 11.3602 12.3602 13.3602 14.3602 
0.5769 1.5769 2.5769 3.5769 4.5769 5.5769 6.5769 7.5769 8.5769 9.5769 10.5769 11.5769 12.5769 13.5769 14.5769 
14.1679 13.1679 12.1679 11.1679 10.1679 9.1679 8.1679 7.1679 6.1679 5.1679 4.1679 3.1679 2.1679 1.1679 0.1679 
1.6833 0.6833 0.3167 1.3167 2.3167 3.3167 4.3167 5.3167 6.3167 7.3167 8.3167 9.3167 10.3167 11.3167 12.3167 
8.8380 7.8380 6.8380 5.8380 4.8380 3.8380 2.8380 1.8380 0.8380 0.1620 1.1620 2.1620 3.1620 4.1620 5.1620 
0.9898 1.9898 2.9898 3.9898 4.9898 5.9898 6.9898 7.9898 8.9898 9.9898 10.9898 11.9898 12.9898 13.9898 14.9898 
7.2388 6.2388 5.2388 4.2388 3.2388 2.2388 1.2388 0.2388 0.7612 1.7612 2.7612 3.7612 4.7612 5.7612 6.7612 
9.9857 8.9857 7.9857 6.9857 5.9857 4.9857 3.9857 2.9857 1.9857 0.9857 0.0143 1.0143 2.0143 3.0143 4.0143 

15
15
8.2619 7.2619 6.2619 5.2619 4.2619 3.2619 2.2619 1.2619 0.2619 0.7381 1.7381 2.7381 3.7381 4.7381 5.7381 
10.3308 9.3308 8.3308 7.3308 6.3308 5.3308 4.3308 3.3308 2.3308 1.3308 0.3308 0.6692 1.6692 2.6692 3.6692 
14.7413 13.7413 12.7413 11.7413 10.7413 9.7413 8.7413 7.7413 6.7413 5.7413 4.7413 3.7413 2.7413 1.7413 0.7413 
0.5303 1.5303 2.5303 3.5303 4.5303 5.5303 6.5303 7.5303 8.5303 9.5303 10.5303 11.5303 12.5303 13.5303 14.5303 
5.7351 4.7351 3.7351 2.7351 1.7351 0.7351 0.2649 1.2649 2.2649 3.2649 4.2649 5.2649 6.2649 7.2649 8.2649 
12.8291 11.8291 10.8291 9.8291 8.8291 7.8291 6.8291 5.8291 4.8291 3.8291 2.8291 1.8291 0.8291 0.1709 1.1709 
14.8878 13.8878 12.8878 11.8878 10.8878 9.8878 8.8878 7.8878 6.8878 5.8878 4.8878 3.8878 2.8878 1.8878 0.8878 
6.8421 5.8421 4.8421 3.8421 2.8421 1.8421 0.8421 0.1579 1.1579 2.1579 3.1579 4.1579 5.1579 6.1579 7.1579 
6.4903 5.4903 4.4903 3.4903 2.4903 1.4903 0.4903 0.5097 1.5097 2.5097 3.5097 4.5097 5.5097 6.5097 7.5097 
10.2620 9.2620 8.2620 7.2620 6.2620 5.2620 4.2620 3.2620 2.2620 1.2620 0.2620 0.7380 1.7380 2.7380 3.7380 
0.1622 0.8378 1.8378 2.8378 3.8378 4.8378 5.8378 6.8378 7.8378 8.8378 9.8378 10.8378 11.8378 12.8378 13.8378 
7.7499 6.7499 5.7499 4.7499 3.7499 2.7499 1.7499 0.7499 0.2501 1.2501 2.2501 3.2501 4.2501 5.2501 6.2501 
14.2793 13.2793 12.2793 11.2793 10.2793 9.2793 8.2793 7.2793 6.2793 5.2793 4.2793 3.2793 2.2793 1.2793 0.2793 
5.1778 4.1778 3.1778 2.1778 1.1778 0.1778 0.8222 1.8222 2.8222 3.8222 4.8222 5.8222 6.8222 7.8222 8.8222 
0.6249 1.6249 2.6249 3.6249 4.6249 5.6249 6.6249 7.6249 8.6249 9.6249 10.6249 11.6249 12.6249 13.6249 14.6249 

15
15
0.3268 0.6732 1.6732 2.6732 3.6732 4.6732 5.6732 6.6732 7.6732 8.6732 9.6732 10.6732 11.6732 12.6732 13.6732 
14.0228 13.0228 12.0228 11.0228 10.0228 9.0228 8.0228 7.0228 6.0228 5.0228 4.0228 3.0228 2.0228 1.0228 0.0228 
13.5446 12.5446 11.5446 10.5446 9.5446 8.5446 7.5446 6.5446 5.5446 4.5446 3.5446 2.5446 1.5446 0.5446 0.4554 
7.6707 6.6707 5.6707 4.6707 3.6707 2.6707 1.6707 0.6707 0.3293 1.3293 2.3293 3.3293 4.3293 5.3293 6.3293 
12.6056 11.6056 10.6056 9.6056 8.6056 7.6056 6.6056 5.6056 4.6056 3.6056 2.6056 1.6056 0.6056 0.3944 1.3944 
0.3274 0.6726 1.6726 2.6726 3.6726 4.6726 5.6726 6.6726 7.6726 8.6726 9.6726 10.6726 11.6726 12.6726 13.6726 
8.8705 7.8705 6.8705 5.8705 4.8705 3.8705 2.8705 1.8705 0.8705 0.1295 1.1295 2.1295 3.1295 4.1295 5.1295 
14.8803 13.8803 12.8803 11.8803 10.8803 9.8803 8.8803 7.8803 6.8803 5.8803 4.8803 3.8803 2.8803 1.8803 0.8803 
12.5230 11.5230 10.5230 9.5230 8.5230 7.5230 6.5230 5.5230 4.5230 3.5230 2.5230 1.5230 0.5230 0.4770 1.4770 
0.5408 1.5408 2.5408 3.5408 4.5408 5.5408 6.5408 7.5408 8.5408 9.5408 10.5408 11.5408 12.5408 13.5408 14.5408 
12.0517 11.0517 10.0517 9.0517 8.0517 7.0517 6.0517 5.0517 4.0517 3.0517 2.0517 1.0517 0.0517 0.9483 1.9483 
14.1342 13.1342 12.1342 11.1342 10.1342 9.1342 8.1342 7.1342 6.1342 5.1342 4.1342 3.1342 2.1342 1.1342 0.1342 
4.3847 3.3847 2.3847 1.3847 0.3847 0.6153 1.6153 2.6153 3.6153 4.6153 5.6153 6.6153 7.6153 8.6153 9.6153 
0.1289 0.8711 1.8711 2.8711 3.8711 4.8711 5.8711 6.8711 7.8711 8.8711 9.8711 10.8711 11.8711 12.8711 13.8711 
14.5747 13.5747 12.5747 11.5747 10.5747 9.5747 8.5747 7.5747 6.5747 5.5747 4.5747 3.5747 2.5747 1.5747 0.5747 

15
15
8.6567 7.6567 6.6567 5.6567 4.6567 3.6567 2.6567 1.6567 0.6567 0.3433 1.3433 2.3433 3.3433 4.3433 5.3433 
5.2993 4.2993 3.2993 2.2993 1.2993 0.2993 0.7007 1.7007 2.7007 3.7007 4.7007 5.7007 6.7007 7.7007 8.7007 
0.7125 0.2875 1.2875 2.2875 3.2875 4.2875 5.2875 6.2875 7.2875 8.2875 9.2875 10.2875 11.2875 12.2875 13.2875 
6.5859 5.5859 4.5859 3.5859 2.5859 1.5859 0.5859 0.4141 1.4141 2.4141 3.4141 4.4141 5.4141 6.4141 7.4141 
7.1873 6.1873 5.1873 4.1873 3.1873 2.1873 1.1873 0.1873 0.8127 1.8127 2.8127 3.8127 4.8127 5.8127 6.8127 
13.2298 12.2298 11.2298 10.2298 9.2298 8.2298 7.2298 6.2298 5.2298 4.2298 3.2298 2.2298 1.2298 0.2298 0.7702 
5.2919 4.2919 3.2919 2.2919 1.2919 0.2919 0.7081 1.7081 2.7081 3.7081 4.7081 5.7081 6.7081 7.7081 8.7081 
13.7394 12.7394 11.7394 10.7394 9.7394 8.7394 7.7394 6.7394 5.7394 4.7394 3.7394 2.7394 1.7394 0.7394 0.2606 
0.5153 1.5153 2.5153 3.5153 4.5153 5.5153 6.5153 7.5153 8.5153 9.5153 10.5153 11.5153 12.5153 13.5153 14.5153 
0.9523 0.0477 1.0477 2.0477 3.0477 4.0477 5.0477 6.0477 7.0477 8.0477 9.0477 10.0477 11.0477 12.0477 13.0477 
6.1708 5.1708 4.1708 3.1708 2.1708 1.1708 0.1708 0.8292 1.8292 2.8292 3.8292 4.8292 5.8292 6.8292 7.8292 
7.6162 6.6162 5.6162 4.6162 3.6162 2.6162 1.6162 0.6162 0.3838 1.3838 2.3838 3.3838 4.3838 5.3838 6.3838 
12.8879 11.8879 10.8879 9.8879 8.8879 7.8879 6.8879 5.8879 4.8879 3.8879 2.8879 1.8879 0.8879 0.1121 1.1121 
5.3512 4.3512 3.3512 2.3512 1.3512 0.3512 0.6488 1.6488 2.6488 3.6488 4.6488 5.6488 6.6488 7.6488 8.6488 
8.2820 7.2820 6.2820 5.2820 4.2820 3.2820 2.2820 1.2820 0.2820 0.7180 1.7180 2.7180 3.7180 4.7180 5.7180 

15
15
3.9063 2.9063 1.9063 0.9063 0.0937 1.0937 2.0937 3.0937 4.0937 5.0937 6.0937 7.0937 8.0937 9.0937 10.0937 
8.9220 7.9220 6.9220 5.9220 4.9220 3.9220 2.9220 1.9220 0.9220 0.0780 1.0780 2.0780 3.0780 4.0780 5.0780 
1.1240 0.1240 0.8760 1.8760 2.8760 3.8760 4.8760 5.8760 6.8760 7.8760 8.8760 9.8760 10.8760 11.8760 12.8760 
13.1728 12.1728 11.1728 10.1728 9.1728 8.1728 7.1728 6.1728 5.1728 4.1728 3.1728 2.1728 1.1728 0.1728 0.8272 
0.4298 0.5702 1.5702 2.5702 3.5702 4.5702 5.5702 6.5702 7.5702 8.5702 9.5702 10.5702 11.5702 12.5702 13.5702 
9.4532 8.4532 7.4532 6.4532 5.4532 4.4532 3.4532 2.4532 1.4532 0.4532 0.5468 1.5468 2.5468 3.5468 4.5468 
4.1041 3.1041 2.1041 1.1041 0.1041 0.8959 1.8959 2.8959 3.8959 4.8959 5.8959 6.8959 7.8959 8.8959 9.8959 
3.0152 2.0152 1.0152 0.0152 0.9848 1.9848 2.9848 3.9848 4.9848 5.9848 6.9848 7.9848 8.9848 9.9848 10.9848 
1.4677 0.4677 0.5323 1.5323 2.5323 3.5323 4.5323 5.5323 6.5323 7.5323 8.5323 9.5323 10.5323 11.5323 12.5323 
12.9146 11.9146 10.9146 9.9146 8.9146 7.9146 6.9146 5.9146 4.9146 3.9146 2.9146 1.9146 0.9146 0.0854 1.0854 
6.0561 5.0561 4.0561 3.0561 2.0561 1.0561 0.0561 0.9439 1.9439 2.9439 3.9439 4.9439 5.9439 6.9439 7.9439 
12.3592 11.3592 10.3592 9.3592 8.3592 7.3592 6.3592 5.3592 4.3592 3.3592 2.3592 1.3592 0.3592 0.6408 1.6408 
1.7617 0.7617 0.2383 1.2383 2.2383 3.2383 4.2383 5.2383 6.2383 7.2383 8.2383 9.2383 10.2383 11.2383 12.2383 
12.6361 11.6361 10.6361 9.6361 8.6361 7.6361 6.6361 5.6361 4.6361 3.6361 2.6361 1.6361 0.6361 0.3639 1.3639 
3.9351 2.9351 1.9351 0.9351 0.0649 1.0649 2.0649 3.0649 4.0649 5.0649 6.0649 7.0649 8.0649 9.0649 10.0649 

15
15
11.1080 10.1080 9.1080 8.1080 7.1080 6.1080 5.1080 4.1080 3.1080 2.1080 1.1080 0.1080 0.8920 1.8920 2.8920 
14.9333 13.9333 12.9333 11.9333 10.9333 9.9333 8.9333 7.9333 6.9333 5.9333 4.9333 3.9333 2.9333 1.9333 0.9333 
9.3311 8.3311 7.3311 6.3311 5.3311 4.3311 3.3311 2.3311 1.3311 0.3311 0.6689 1.6689 2.6689 3.6689 4.6689 
8.2433 7.2433 6.2433 5.2433 4.2433 3.2433 2.2433 1.2433 0.2433 0.7567 1.7567 2.7567 3.7567 4.7567 5.7567 
2.4627 1.4627 0.4627 0.5373 1.5373 2.5373 3.5373 4.5373 5.5373 6.5373 7.5373 8.5373 9.5373 10.5373 11.5373 
2.9640 1.9640 0.9640 0.0360 1.0360 2.0360 3.0360 4.0360 5.0360 6.0360 7.0360 8.0360 9.0360 10.0360 11.0360 
14.3069 13.3069 12.3069 11.3069 10.3069 9.3069 8.3069 7.3069 6.3069 5.3069 4.3069 3.3069 2.3069 1.3069 0.3069 
1.2587 0.2587 0.7413 1.7413 2.7413 3.7413 4.7413 5.7413 6.7413 7.7413 8.7413 9.7413 10.7413 11.7413 12.7413 
0.3482 0.6518 1.6518 2.6518 3.6518 4.6518 5.6518 6.6518 7.6518 8.6518 9.6518 10.6518 11.6518 12.6518 13.6518 
0.2323 1.2323 2.2323 3.2323 4.2323 5.2323 6.2323 7.2323 8.2323 9.2323 10.2323 11.2323 12.2323 13.2323 14.2323 
12.9810 11.9810 10.9810 9.9810 8.9810 7.9810 6.9810 5.9810 4.9810 3.9810 2.9810 1.9810 0.9810 0.0190 1.0190 
14.5490 13.5490 12.5490 11.5490 10.5490 9.5490 8.5490 7.5490 6.5490 5.5490 4.5490 3.5490 2.5490 1.5490 0.5490 
0.0989 0.9011 1.9011 2.9011 3.9011 4.9011 5.9011 6.9011 7.9011 8.9011 9.9011 10.9011 11.9011 12.9011 13.9011 
14.7778 13.7778 12.7778 11.7778 10.7778 9.7778 8.7778 7.7778 6.7778 5.7778 4.7778 3.7778 2.7778 1.7778 0.7778 
3.8009 2.8009 1.8009 0.8009 0.1991 1.1991 2.1991 3.1991 4.1991 5.1991 6.1991 7.1991 8.1991 9.1991 10.1991 

15
15
6.3273 5.3273 4.3273 3.3273 2.3273 1.3273 0.3273 0.6727 1.6727 2.6727 3.6727 4.6727 5.6727 6.6727 7.6727 
13.9466 12.9466 11.9466 10.9466 9.9466 8.9466 7.9466 6.9466 5.9466 4.9466 3.9466 2.9466 1.9466 0.9466 0.0534 
11.8624 10.8624 9.8624 8.8624 7.8624 6.8624 5.8624 4.8624 3.8624 2.8624 1.8624 0.8624 0.1376 1.1376 2.1376 
1.6826 0.6826 0.3174 1.3174 2.3174 3.3174 4.3174 5.3174 6.3174 7.3174 8.3174 9.3174 10.3174 11.3174 12.3174 
10.8450 9.8450 8.8450 7.8450 6.8450 5.8450 4.8450 3.8450 2.8450 1.8450 0.8450 0.1550 1.1550 2.1550 3.1550 
13.1207 12.1207 11.1207 10.1207 9.1207 8.1207 7.1207 6.1207 5.1207 4.1207 3.1207 2.1207 1.1207 0.1207 0.8793 
0.7704 0.2296 1.2296 2.2296 3.2296 4.2296 5.2296 6.2296 7.2296 8.2296 9.2296 10.2296 11.2296 12.2296 13.2296 
1.5955 0.5955 0.4045 1.4045 2.4045 3.4045 4.4045 5.4045 6.4045 7.4045 8.4045 9.4045 10.4045 11.4045 12.4045 
0.1569 0.8431 1.8431 2.8431 3.8431 4.8431 5.8431 6.8431 7.8431 8.8431 9.8431 10.8431 11.8431 12.8431 13.8431 
1.1344 0.1344 0.8656 1.8656 2.8656 3.8656 4.8656 5.8656 6.8656 7.8656 8.8656 9.8656 10.8656 11.8656 12.8656 
12.7037 11.7037 10.7037 9.7037 8.7037 7.7037 6.7037 5.7037 4.7037 3.7037 2.7037 1.7037 0.7037 0.2963 1.2963 
0.9401 0.0599 1.0599 2.0599 3.0599 4.0599 5.0599 6.0599 7.0599 8.0599 9.0599 10.0599 11.0599 12.0599 13.0599 
11.2385 10.2385 9.2385 8.2385 7.2385 6.2385 5.2385 4.2385 3.2385 2.2385 1.2385 0.2385 0.7615 1.7615 2.7615 
14.0984 13.0984 12.0984 11.0984 10.0984 9.0984 8.0984 7.0984 6.0984 5.0984 4.0984 3.0984 2.0984 1.0984 0.0984 
2.4997 1.4997 0.4997 0.5003 1.5003 2.5003 3.5003 4.5003 5.5003 6.5003 7.5003 8.5003 9.5003 10.5003 11.5003 

