10
10
5.8500 4.8500 3.8500 2.8500 1.8500 0.8500 0.1500 1.1500 2.1500 3.1500 
6.0375 5.0375 4.0375 3.0375 2.0375 1.0375 0.0375 0.9625 1.9625 2.9625 
4.5513 3.5513 2.5513 1.5513 0.5513 0.4487 1.4487 2.4487 3.4487 4.4487 
9.2182 8.2182 7.2182 6.2182 5.2182 4.2182 3.2182 2.2182 1.2182 0.2182 
5.0940 4.0940 3.0940 2.0940 1.0940 0.0940 0.9060 1.9060 2.9060 3.9060 
8.3966 7.3966 6.3966 5.3966 4.3966 3.3966 2.3966 1.3966 0.3966 0.6034 
2.7302 1.7302 0.7302 0.2698 1.2698 2.2698 3.2698 4.2698 5.2698 6.2698 
5.4228 4.4228 3.4228 2.4228 1.4228 0.4228 0.5772 1.5772 2.5772 3.5772 
2.2092 1.2092 0.2092 0.7908 1.7908 2.7908 3.7908 4.7908 5.7908 6.7908 
9.1794 8.1794 7.1794 6.1794 5.1794 4.1794 3.1794 2.1794 1.1794 0.1794 

10
10
3.4946 2.4946 1.4946 0.4946 0.5054 1.5054 2.5054 3.5054 4.5054 5.5054 
9.3170 8.3170 7.3170 6.3170 5.3170 4.3170 3.3170 2.3170 1.3170 0.3170 
4.2262 3.2262 2.2262 1.2262 0.2262 0.7738 1.7738 2.7738 3.7738 4.7738 
0.0708 1.0708 2.0708 3.0708 4.0708 5.0708 6.0708 7.0708 8.0708 9.0708 
1.8728 0.8728 0.1272 1.1272 2.1272 3.1272 4.1272 5.1272 6.1272 7.1272 
5.9260 4.9260 3.9260 2.9260 1.9260 0.9260 0.0740 1.0740 2.0740 3.0740 
4.3721 3.3721 2.3721 1.3721 0.3721 0.6279 1.6279 2.6279 3.6279 4.6279 
4.7245 3.7245 2.7245 1.7245 0.7245 0.2755 1.2755 2.2755 3.2755 4.2755 
2.6449 1.6449 0.6449 0.3551 1.3551 2.3551 3.3551 4.3551 5.3551 6.3551 
0.1394 1.1394 2.1394 3.1394 4.1394 5.1394 6.1394 7.1394 8.1394 9.1394 

10
10
0.0021 1.0021 2.0021 3.0021 4.0021 5.0021 6.0021 7.0021 8.0021 9.0021 
1.7597 0.7597 0.2403 1.2403 2.2403 3.2403 4.2403 5.2403 6.2403 7.2403 
2.0107 1.0107 0.0107 0.9893 1.9893 2.9893 3.9893 4.9893 5.9893 6.9893 
8.2495 7.2495 6.2495 5.2495 4.2495 3.2495 2.2495 1.2495 0.2495 0.7505 
1.4423 0.4423 0.5577 1.5577 2.5577 3.5577 4.5577 5.5577 6.5577 7.5577 
2.8226 1.8226 0.8226 0.1774 1.1774 2.1774 3.1774 4.1774 5.1774 6.1774 
1.5019 0.5019 0.4981 1.4981 2.4981 3.4981 4.4981 5.4981 6.4981 7.4981 
7.5610 6.5610 5.5610 4.5610 3.5610 2.5610 1.5610 0.5610 0.4390 1.4390 
5.9958 4.9958 3.9958 2.9958 1.9958 0.9958 0.0042 1.0042 2.0042 3.0042 
8.2332 7.2332 6.2332 5.2332 4.2332 3.2332 2.2332 1.2332 0.2332 0.7668 

10
10
0.5049 0.4951 1.4951 2.4951 3.4951 4.4951 5.4951 6.4951 7.4951 8.4951 
2.1141 1.1141 0.1141 0.8859 1.8859 2.8859 3.8859 4.8859 5.8859 6.8859 
3.4354 2.4354 1.4354 0.4354 0.5646 1.5646 2.5646 3.5646 4.5646 5.5646 
1.6137 0.6137 0.3863 1.3863 2.3863 3.3863 4.3863 5.3863 6.3863 7.3863 
6.2420 5.2420 4.2420 3.2420 2.2420 1.2420 0.2420 0.7580 1.7580 2.7580 
0.0767 1.0767 2.0767 3.0767 4.0767 5.0767 6.0767 7.0767 8.0767 9.0767 
0.9995 1.9995 2.9995 3.9995 4.9995 5.9995 6.9995 7.9995 8.9995 9.9995 
7.4967 6.4967 5.4967 4.4967 3.4967 2.4967 1.4967 0.4967 0.5033 1.5033 
3.1299 2.1299 1.1299 0.1299 0.8701 1.8701 2.8701 3.8701 4.8701 5.8701 
3.7140 2.7140 1.7140 0.7140 0.2860 1.2860 2.2860 3.2860 4.2860 5.2860 

10
10
6.1783 5.1783 4.1783 3.1783 2.1783 1.1783 0.1783 0.8217 1.8217 2.8217 
0.2714 0.7286 1.7286 2.7286 3.7286 4.7286 5.7286 6.7286 7.7286 8.7286 
0.8959 1.8959 2.8959 3.8959 4.8959 5.8959 6.8959 7.8959 8.8959 9.8959 
7.4765 6.4765 5.4765 4.4765 3.4765 2.4765 1.4765 0.4765 0.5235 1.5235 
8.2536 7.2536 6.2536 5.2536 4.2536 3.2536 2.2536 1.2536 0.2536 0.7464 
5.2942 4.2942 3.2942 2.2942 1.2942 0.2942 0.7058 1.7058 2.7058 3.7058 
0.2451 1.2451 2.2451 3.2451 4.2451 5.2451 6.2451 7.2451 8.2451 9.2451 
3.8092 2.8092 1.8092 0.8092 0.1908 1.1908 2.1908 3.1908 4.1908 5.1908 
3.2607 2.2607 1.2607 0.2607 0.7393 1.7393 2.7393 3.7393 4.7393 5.7393 
4.1687 3.1687 2.1687 1.1687 0.1687 0.8313 1.8313 2.8313 3.8313 4.8313 

10
10
8.9789 7.9789 6.9789 5.9789 4.9789 3.9789 2.9789 1.9789 0.9789 0.0211 
0.5183 0.4817 1.4817 2.4817 3.4817 4.4817 5.4817 6.4817 7.4817 8.4817 
2.7528 1.7528 0.7528 0.2472 1.2472 2.2472 3.2472 4.2472 5.2472 6.2472 
7.2161 6.2161 5.2161 4.2161 3.2161 2.2161 1.2161 0.2161 0.7839 1.7839 
4.2963 3.2963 2.2963 1.2963 0.2963 0.7037 1.7037 2.7037 3.7037 4.7037 
5.5100 4.5100 3.5100 2.5100 1.5100 0.5100 0.4900 1.4900 2.4900 3.4900 
9.6743 8.6743 7.6743 6.6743 5.6743 4.6743 3.6743 2.6743 1.6743 0.6743 
5.0198 4.0198 3.0198 2.0198 1.0198 0.0198 0.9802 1.9802 2.9802 3.9802 
1.0249 0.0249 0.9751 1.9751 2.9751 3.9751 4.9751 5.9751 6.9751 7.9751 
9.9190 8.9190 7.9190 6.9190 5.9190 4.9190 3.9190 2.9190 1.9190 0.9190 

10
10
4.5825 3.5825 2.5825 1.5825 0.5825 0.4175 1.4175 2.4175 3.4175 4.4175 
9.6352 8.6352 7.6352 6.6352 5.6352 4.6352 3.6352 2.6352 1.6352 0.6352 
0.8587 1.8587 2.8587 3.8587 4.8587 5.8587 6.8587 7.8587 8.8587 9.8587 
4.6715 3.6715 2.6715 1.6715 0.6715 0.3285 1.3285 2.3285 3.3285 4.3285 
9.5274 8.5274 7.5274 6.5274 5.5274 4.5274 3.5274 2.5274 1.5274 0.5274 
9.6043 8.6043 7.6043 6.6043 5.6043 4.6043 3.6043 2.6043 1.6043 0.6043 
9.8854 8.8854 7.8854 6.8854 5.8854 4.8854 3.8854 2.8854 1.8854 0.8854 
5.2746 4.2746 3.2746 2.2746 1.2746 0.2746 0.7254 1.7254 2.7254 3.7254 
1.0456 0.0456 0.9544 1.9544 2.9544 3.9544 4.9544 5.9544 6.9544 7.9544 
8.3083 7.3083 6.3083 5.3083 4.3083 3.3083 2.3083 1.3083 0.3083 0.6917 

10
10
0.9899 0.0101 1.0101 2.0101 3.0101 4.0101 5.0101 6.0101 7.0101 8.0101 
0.4322 1.4322 2.4322 3.4322 4.4322 5.4322 6.4322 7.4322 8.4322 9.4322 
6.9710 5.9710 4.9710 3.9710 2.9710 1.9710 0.9710 0.0290 1.0290 2.0290 
6.4297 5.4297 4.4297 3.4297 2.4297 1.4297 0.4297 0.5703 1.5703 2.5703 
8.8319 7.8319 6.8319 5.8319 4.8319 3.8319 2.8319 1.8319 0.8319 0.1681 
3.4548 2.4548 1.4548 0.4548 0.5452 1.5452 2.5452 3.5452 4.5452 5.5452 
1.1057 0.1057 0.8943 1.8943 2.8943 3.8943 4.8943 5.8943 6.8943 7.8943 
3.3749 2.3749 1.3749 0.3749 0.6251 1.6251 2.6251 3.6251 4.6251 5.6251 
5.8168 4.8168 3.8168 2.8168 1.8168 0.8168 0.1832 1.1832 2.1832 3.1832 
9.2614 8.2614 7.2614 6.2614 5.2614 4.2614 3.2614 2.2614 1.2614 0.2614 

10
10
0.7774 1.7774 2.7774 3.7774 4.7774 5.7774 6.7774 7.7774 8.7774 9.7774 
4.4356 3.4356 2.4356 1.4356 0.4356 0.5644 1.5644 2.5644 3.5644 4.5644 
0.0941 1.0941 2.0941 3.0941 4.0941 5.0941 6.0941 7.0941 8.0941 9.0941 
3.3377 2.3377 1.3377 0.3377 0.6623 1.6623 2.6623 3.6623 4.6623 5.6623 
1.4026 0.4026 0.5974 1.5974 2.5974 3.5974 4.5974 5.5974 6.5974 7.5974 
4.2324 3.2324 2.2324 1.2324 0.2324 0.7676 1.7676 2.7676 3.7676 4.7676 
2.4008 1.4008 0.4008 0.5992 1.5992 2.5992 3.5992 4.5992 5.5992 6.5992 
5.8382 4.8382 3.8382 2.8382 1.8382 0.8382 0.1618 1.1618 2.1618 3.1618 
1.3258 0.3258 0.6742 1.6742 2.6742 3.6742 4.6742 5.6742 6.6742 7.6742 
5.5986 4.5986 3.5986 2.5986 1.5986 0.5986 0.4014 1.4014 2.4014 3.4014 

10
10
9.8860 8.8860 7.8860 6.8860 5.8860 4.8860 3.8860 2.8860 1.8860 0.8860 
5.2729 4.2729 3.2729 2.2729 1.2729 0.2729 0.7271 1.7271 2.7271 3.7271 
3.8520 2.8520 1.8520 0.8520 0.1480 1.1480 2.1480 3.1480 4.1480 5.1480 
7.5197 6.5197 5.5197 4.5197 3.5197 2.5197 1.5197 0.5197 0.4803 1.4803 
4.6216 3.6216 2.6216 1.6216 0.6216 0.3784 1.3784 2.3784 3.3784 4.3784 
9.4237 8.4237 7.4237 6.4237 5.4237 4.4237 3.4237 2.4237 1.4237 0.4237 
2.0315 1.0315 0.0315 0.9685 1.9685 2.9685 3.9685 4.9685 5.9685 6.9685 
7.0390 6.0390 5.0390 4.0390 3.0390 2.0390 1.0390 0.0390 0.9610 1.9610 
9.6518 8.6518 7.6518 6.6518 5.6518 4.6518 3.6518 2.6518 1.6518 0.6518 
2.5692 1.5692 0.5692 0.4308 1.4308 2.4308 3.4308 4.4308 5.4308 6.4308 

10
10
9.5920 8.5920 7.5920 6.5920 5.5920 4.5920 3.5920 2.5920 1.5920 0.5920 
1.1886 0.1886 0.8114 1.8114 2.8114 3.8114 4.8114 5.8114 6.8114 7.8114 
0.4733 0.5267 1.5267 2.5267 3.5267 4.5267 5.5267 6.5267 7.5267 8.5267 
3.6508 2.6508 1.6508 0.6508 0.3492 1.3492 2.3492 3.3492 4.3492 5.3492 
7.9372 6.9372 5.9372 4.9372 3.9372 2.9372 1.9372 0.9372 0.0628 1.0628 
9.9889 8.9889 7.9889 6.9889 5.9889 4.9889 3.9889 2.9889 1.9889 0.9889 
8.2712 7.2712 6.2712 5.2712 4.2712 3.2712 2.2712 1.2712 0.2712 0.7288 
0.0461 0.9539 1.9539 2.9539 3.9539 4.9539 5.9539 6.9539 7.9539 8.9539 
4.7877 3.7877 2.7877 1.7877 0.7877 0.2123 1.2123 2.2123 3.2123 4.2123 
6.3931 5.3931 4.3931 3.3931 2.3931 1.3931 0.3931 0.6069 1.6069 2.6069 

10
10
4.4931 3.4931 2.4931 1.4931 0.4931 0.5069 1.5069 2.5069 3.5069 4.5069 
2.9950 1.9950 0.9950 0.0050 1.0050 2.0050 3.0050 4.0050 5.0050 6.0050 
5.7720 4.7720 3.7720 2.7720 1.7720 0.7720 0.2280 1.2280 2.2280 3.2280 
4.7245 3.7245 2.7245 1.7245 0.7245 0.2755 1.2755 2.2755 3.2755 4.2755 
3.8838 2.8838 1.8838 0.8838 0.1162 1.1162 2.1162 3.1162 4.1162 5.1162 
7.4449 6.4449 5.4449 4.4449 3.4449 2.4449 1.4449 0.4449 0.5551 1.5551 
0.5554 0.4446 1.4446 2.4446 3.4446 4.4446 5.4446 6.4446 7.4446 8.4446 
6.6788 5.6788 4.6788 3.6788 2.6788 1.6788 0.6788 0.3212 1.3212 2.3212 
7.0554 6.0554 5.0554 4.0554 3.0554 2.0554 1.0554 0.0554 0.9446 1.9446 
1.1464 0.1464 0.8536 1.8536 2.8536 3.8536 4.8536 5.8536 6.8536 7.8536 

10
10
5.4633 4.4633 3.4633 2.4633 1.4633 0.4633 0.5367 1.5367 2.5367 3.5367 
2.3188 1.3188 0.3188 0.6812 1.6812 2.6812 3.6812 4.6812 5.6812 6.6812 
4.2049 3.2049 2.2049 1.2049 0.2049 0.7951 1.7951 2.7951 3.7951 4.7951 
2.2413 1.2413 0.2413 0.7587 1.7587 2.7587 3.7587 4.7587 5.7587 6.7587 
5.0184 4.0184 3.0184 2.0184 1.0184 0.0184 0.9816 1.9816 2.9816 3.9816 
1.7011 0.7011 0.2989 1.2989 2.2989 3.2989 4.2989 5.2989 6.2989 7.2989 
1.7302 0.7302 0.2698 1.2698 2.2698 3.2698 4.2698 5.2698 6.2698 7.2698 
5.3360 4.3360 3.3360 2.3360 1.3360 0.3360 0.6640 1.6640 2.6640 3.6640 
0.6282 1.6282 2.6282 3.6282 4.6282 5.6282 6.6282 7.6282 8.6282 9.6282 
0.1795 1.1795 2.1795 3.1795 4.1795 5.1795 6.1795 7.1795 8.1795 9.1795 

10
10
2.2250 1.2250 0.2250 0.7750 1.7750 2.7750 3.7750 4.7750 5.7750 6.7750 
2.1520 1.1520 0.1520 0.8480 1.8480 2.8480 3.8480 4.8480 5.8480 6.8480 
6.2557 5.2557 4.2557 3.2557 2.2557 1.2557 0.2557 0.7443 1.7443 2.7443 
7.4531 6.4531 5.4531 4.4531 3.4531 2.4531 1.4531 0.4531 0.5469 1.5469 
0.3461 1.3461 2.3461 3.3461 4.3461 5.3461 6.3461 7.3461 8.3461 9.3461 
1.2838 0.2838 0.7162 1.7162 2.7162 3.7162 4.7162 5.7162 6.7162 7.7162 
5.8328 4.8328 3.8328 2.8328 1.8328 0.8328 0.1672 1.1672 2.1672 3.1672 
0.7853 1.7853 2.7853 3.7853 4.7853 5.7853 6.7853 7.7853 8.7853 9.7853 
4.4283 3.4283 2.4283 1.4283 0.4283 0.5717 1.5717 2.5717 3.5717 4.5717 
5.3795 4.3795 3.3795 2.3795 1.3795 0.3795 0.6205 1.6205 2.6205 3.6205 

10
10
3.6568 2.6568 1.6568 0.6568 0.3432 1.3432 2.3432 3.3432 4.3432 5.3432 
3.7350 2.7350 1.7350 0.7350 0.2650 1.2650 2.2650 3.2650 4.2650 5.2650 
8.6139 7.6139 6.6139 5.6139 4.6139 3.6139 2.6139 1.6139 0.6139 0.3861 
4.1878 3.1878 2.1878 1.1878 0.1878 0.8122 1.8122 2.8122 3.8122 4.8122 
4.8885 3.8885 2.8885 1.8885 0.8885 0.1115 1.1115 2.1115 3.1115 4.1115 
5.2695 4.2695 3.2695 2.2695 1.2695 0.2695 0.7305 1.7305 2.7305 3.7305 
2.6044 1.6044 0.6044 0.3956 1.3956 2.3956 3.3956 4.3956 5.3956 6.3956 
0.6137 1.6137 2.6137 3.6137 4.6137 5.6137 6.6137 7.6137 8.6137 9.6137 
6.9417 5.9417 4.9417 3.9417 2.9417 1.9417 0.9417 0.0583 1.0583 2.0583 
8.3429 7.3429 6.3429 5.3429 4.3429 3.3429 2.3429 1.3429 0.3429 0.6571 

10
10
1.2944 0.2944 0.7056 1.7056 2.7056 3.7056 4.7056 5.7056 6.7056 7.7056 
1.9205 0.9205 0.0795 1.0795 2.0795 3.0795 4.0795 5.0795 6.0795 7.0795 
5.8496 4.8496 3.8496 2.8496 1.8496 0.8496 0.1504 1.1504 2.1504 3.1504 
7.1261 6.1261 5.1261 4.1261 3.1261 2.1261 1.1261 0.1261 0.8739 1.8739 
3.0780 2.0780 1.0780 0.0780 0.9220 1.9220 2.9220 3.9220 4.9220 5.9220 
0.2559 1.2559 2.2559 3.2559 4.2559 5.2559 6.2559 7.2559 8.2559 9.2559 
1.8602 0.8602 0.1398 1.1398 2.1398 3.1398 4.1398 5.1398 6.1398 7.1398 
9.2104 8.2104 7.2104 6.2104 5.2104 4.2104 3.2104 2.2104 1.2104 0.2104 
9.8828 8.8828 7.8828 6.8828 5.8828 4.8828 3.8828 2.8828 1.8828 0.8828 
6.3522 5.3522 4.3522 3.3522 2.3522 1.3522 0.3522 0.6478 1.6478 2.6478 

10
10
5.0726 4.0726 3.0726 2.0726 1.0726 0.0726 0.9274 1.9274 2.9274 3.9274 
6.2359 5.2359 4.2359 3.2359 2.2359 1.2359 0.2359 0.7641 1.7641 2.7641 
9.9305 8.9305 7.9305 6.9305 5.9305 4.9305 3.9305 2.9305 1.9305 0.9305 
6.3477 5.3477 4.3477 3.3477 2.3477 1.3477 0.3477 0.6523 1.6523 2.6523 
5.3315 4.3315 3.3315 2.3315 1.3315 0.3315 0.6685 1.6685 2.6685 3.6685 
5.4810 4.4810 3.4810 2.4810 1.4810 0.4810 0.5190 1.5190 2.5190 3.5190 
2.9877 1.9877 0.9877 0.0123 1.0123 2.0123 3.0123 4.0123 5.0123 6.0123 
2.4680 1.4680 0.4680 0.5320 1.5320 2.5320 3.5320 4.5320 5.5320 6.5320 
2.0890 1.0890 0.0890 0.9110 1.9110 2.9110 3.9110 4.9110 5.9110 6.9110 
2.0014 1.0014 0.0014 0.9986 1.9986 2.9986 3.9986 4.9986 5.9986 6.9986 

10
10
4.5375 3.5375 2.5375 1.5375 0.5375 0.4625 1.4625 2.4625 3.4625 4.4625 
9.0394 8.0394 7.0394 6.0394 5.0394 4.0394 3.0394 2.0394 1.0394 0.0394 
5.5346 4.5346 3.5346 2.5346 1.5346 0.5346 0.4654 1.4654 2.4654 3.4654 
4.2433 3.2433 2.2433 1.2433 0.2433 0.7567 1.7567 2.7567 3.7567 4.7567 
6.5643 5.5643 4.5643 3.5643 2.5643 1.5643 0.5643 0.4357 1.4357 2.4357 
5.6969 4.6969 3.6969 2.6969 1.6969 0.6969 0.3031 1.3031 2.3031 3.3031 
2.9736 1.9736 0.9736 0.0264 1.0264 2.0264 3.0264 4.0264 5.0264 6.0264 
3.2256 2.2256 1.2256 0.2256 0.7744 1.7744 2.7744 3.7744 4.7744 5.7744 
0.5037 1.5037 2.5037 3.5037 4.5037 5.5037 6.5037 7.5037 8.5037 9.5037 
1.4356 0.4356 0.5644 1.5644 2.5644 3.5644 4.5644 5.5644 6.5644 7.5644 

10
10
3.2138 2.2138 1.2138 0.2138 0.7862 1.7862 2.7862 3.7862 4.7862 5.7862 
9.4087 8.4087 7.4087 6.4087 5.4087 4.4087 3.4087 2.4087 1.4087 0.4087 
9.3009 8.3009 7.3009 6.3009 5.3009 4.3009 3.3009 2.3009 1.3009 0.3009 
0.6212 0.3788 1.3788 2.3788 3.3788 4.3788 5.3788 6.3788 7.3788 8.3788 
8.5884 7.5884 6.5884 5.5884 4.5884 3.5884 2.5884 1.5884 0.5884 0.4116 
4.2258 3.2258 2.2258 1.2258 0.2258 0.7742 1.7742 2.7742 3.7742 4.7742 
5.7691 4.7691 3.7691 2.7691 1.7691 0.7691 0.2309 1.2309 2.2309 3.2309 
8.4978 7.4978 6.4978 5.4978 4.4978 3.4978 2.4978 1.4978 0.4978 0.5022 
0.7923 1.7923 2.7923 3.7923 4.7923 5.7923 6.7923 7.7923 8.7923 9.7923 
8.9625 7.9625 6.9625 5.9625 4.9625 3.9625 2.9625 1.9625 0.9625 0.0375 

10
10
9.6611 8.6611 7.6611 6.6611 5.6611 4.6611 3.6611 2.6611 1.6611 0.6611 
9.9838 8.9838 7.9838 6.9838 5.9838 4.9838 3.9838 2.9838 1.9838 0.9838 
0.9109 1.9109 2.9109 3.9109 4.9109 5.9109 6.9109 7.9109 8.9109 9.9109 
0.7830 1.7830 2.7830 3.7830 4.7830 5.7830 6.7830 7.7830 8.7830 9.7830 
7.6135 6.6135 5.6135 4.6135 3.6135 2.6135 1.6135 0.6135 0.3865 1.3865 
4.1434 3.1434 2.1434 1.1434 0.1434 0.8566 1.8566 2.8566 3.8566 4.8566 
6.9670 5.9670 4.9670 3.9670 2.9670 1.9670 0.9670 0.0330 1.0330 2.0330 
2.5688 1.5688 0.5688 0.4312 1.4312 2.4312 3.4312 4.4312 5.4312 6.4312 
3.5345 2.5345 1.5345 0.5345 0.4655 1.4655 2.4655 3.4655 4.4655 5.4655 
6.6617 5.6617 4.6617 3.6617 2.6617 1.6617 0.6617 0.3383 1.3383 2.3383 

10
10
5.8301 4.8301 3.8301 2.8301 1.8301 0.8301 0.1699 1.1699 2.1699 3.1699 
1.3207 0.3207 0.6793 1.6793 2.6793 3.6793 4.6793 5.6793 6.6793 7.6793 
9.6270 8.6270 7.6270 6.6270 5.6270 4.6270 3.6270 2.6270 1.6270 0.6270 
4.9360 3.9360 2.9360 1.9360 0.9360 0.0640 1.0640 2.0640 3.0640 4.0640 
6.5694 5.5694 4.5694 3.5694 2.5694 1.5694 0.5694 0.4306 1.4306 2.4306 
4.2592 3.2592 2.2592 1.2592 0.2592 0.7408 1.7408 2.7408 3.7408 4.7408 
0.1934 0.8066 1.8066 2.8066 3.8066 4.8066 5.8066 6.8066 7.8066 8.8066 
0.0228 0.9772 1.9772 2.9772 3.9772 4.9772 5.9772 6.9772 7.9772 8.9772 
1.5565 0.5565 0.4435 1.4435 2.4435 3.4435 4.4435 5.4435 6.4435 7.4435 
2.3042 1.3042 0.3042 0.6958 1.6958 2.6958 3.6958 4.6958 5.6958 6.6958 

10
10
2.9782 1.9782 0.9782 0.0218 1.0218 2.0218 3.0218 4.0218 5.0218 6.0218 
1.6517 0.6517 0.3483 1.3483 2.3483 3.3483 4.3483 5.3483 6.3483 7.3483 
1.4962 0.4962 0.5038 1.5038 2.5038 3.5038 4.5038 5.5038 6.5038 7.5038 
1.6865 0.6865 0.3135 1.3135 2.3135 3.3135 4.3135 5.3135 6.3135 7.3135 
3.0045 2.0045 1.0045 0.0045 0.9955 1.9955 2.9955 3.9955 4.9955 5.9955 
3.8357 2.8357 1.8357 0.8357 0.1643 1.1643 2.1643 3.1643 4.1643 5.1643 
2.5172 1.5172 0.5172 0.4828 1.4828 2.4828 3.4828 4.4828 5.4828 6.4828 
9.9055 8.9055 7.9055 6.9055 5.9055 4.9055 3.9055 2.9055 1.9055 0.9055 
8.6498 7.6498 6.6498 5.6498 4.6498 3.6498 2.6498 1.6498 0.6498 0.3502 
9.2610 8.2610 7.2610 6.2610 5.2610 4.2610 3.2610 2.2610 1.2610 0.2610 

10
10
1.1803 0.1803 0.8197 1.8197 2.8197 3.8197 4.8197 5.8197 6.8197 7.8197 
0.8270 1.8270 2.8270 3.8270 4.8270 5.8270 6.8270 7.8270 8.8270 9.8270 
4.0963 3.0963 2.0963 1.0963 0.0963 0.9037 1.9037 2.9037 3.9037 4.9037 
2.6486 1.6486 0.6486 0.3514 1.3514 2.3514 3.3514 4.3514 5.3514 6.3514 
8.8885 7.8885 6.8885 5.8885 4.8885 3.8885 2.8885 1.8885 0.8885 0.1115 
5.3512 4.3512 3.3512 2.3512 1.3512 0.3512 0.6488 1.6488 2.6488 3.6488 
6.2666 5.2666 4.2666 3.2666 2.2666 1.2666 0.2666 0.7334 1.7334 2.7334 
1.6217 0.6217 0.3783 1.3783 2.3783 3.3783 4.3783 5.3783 6.3783 7.3783 
8.0883 7.0883 6.0883 5.0883 4.0883 3.0883 2.0883 1.0883 0.0883 0.9117 
0.4646 1.4646 2.4646 3.4646 4.4646 5.4646 6.4646 7.4646 8.4646 9.4646 

10
10
0.9300 0.0700 1.0700 2.0700 3.0700 4.0700 5.0700 6.0700 7.0700 8.0700 
3.3062 2.3062 1.3062 0.3062 0.6938 1.6938 2.6938 3.6938 4.6938 5.6938 
6.6427 5.6427 4.6427 3.6427 2.6427 1.6427 0.6427 0.3573 1.3573 2.3573 
7.4198 6.4198 5.4198 4.4198 3.4198 2.4198 1.4198 0.4198 0.5802 1.5802 
0.1657 1.1657 2.1657 3.1657 4.1657 5.1657 6.1657 7.1657 8.1657 9.1657 
5.9248 4.9248 3.9248 2.9248 1.9248 0.9248 0.0752 1.0752 2.0752 3.0752 
2.8484 1.8484 0.8484 0.1516 1.1516 2.1516 3.1516 4.1516 5.1516 6.1516 
2.4145 1.4145 0.4145 0.5855 1.5855 2.5855 3.5855 4.5855 5.5855 6.5855 
1.4733 0.4733 0.5267 1.5267 2.5267 3.5267 4.5267 5.5267 6.5267 7.5267 
8.0228 7.0228 6.0228 5.0228 4.0228 3.0228 2.0228 1.0228 0.0228 0.9772 

10
10
3.7504 2.7504 1.7504 0.7504 0.2496 1.2496 2.2496 3.2496 4.2496 5.2496 
3.1588 2.1588 1.1588 0.1588 0.8412 1.8412 2.8412 3.8412 4.8412 5.8412 
1.4612 0.4612 0.5388 1.5388 2.5388 3.5388 4.5388 5.5388 6.5388 7.5388 
7.6865 6.6865 5.6865 4.6865 3.6865 2.6865 1.6865 0.6865 0.3135 1.3135 
0.6850 0.3150 1.3150 2.3150 3.3150 4.3150 5.3150 6.3150 7.3150 8.3150 
0.5922 0.4078 1.4078 2.4078 3.4078 4.4078 5.4078 6.4078 7.4078 8.4078 
9.4271 8.4271 7.4271 6.4271 5.4271 4.4271 3.4271 2.4271 1.4271 0.4271 
1.1789 0.1789 0.8211 1.8211 2.8211 3.8211 4.8211 5.8211 6.8211 7.8211 
0.6489 1.6489 2.6489 3.6489 4.6489 5.6489 6.6489 7.6489 8.6489 9.6489 
3.1088 2.1088 1.1088 0.1088 0.8912 1.8912 2.8912 3.8912 4.8912 5.8912 

10
10
2.8895 1.8895 0.8895 0.1105 1.1105 2.1105 3.1105 4.1105 5.1105 6.1105 
1.8288 0.8288 0.1712 1.1712 2.1712 3.1712 4.1712 5.1712 6.1712 7.1712 
2.1735 1.1735 0.1735 0.8265 1.8265 2.8265 3.8265 4.8265 5.8265 6.8265 
2.5252 1.5252 0.5252 0.4748 1.4748 2.4748 3.4748 4.4748 5.4748 6.4748 
5.7040 4.7040 3.7040 2.7040 1.7040 0.7040 0.2960 1.2960 2.2960 3.2960 
0.7596 0.2404 1.2404 2.2404 3.2404 4.2404 5.2404 6.2404 7.2404 8.2404 
7.2813 6.2813 5.2813 4.2813 3.2813 2.2813 1.2813 0.2813 0.7187 1.7187 
8.6422 7.6422 6.6422 5.6422 4.6422 3.6422 2.6422 1.6422 0.6422 0.3578 
7.4078 6.4078 5.4078 4.4078 3.4078 2.4078 1.4078 0.4078 0.5922 1.5922 
0.1430 0.8570 1.8570 2.8570 3.8570 4.8570 5.8570 6.8570 7.8570 8.8570 

10
10
5.0741 4.0741 3.0741 2.0741 1.0741 0.0741 0.9259 1.9259 2.9259 3.9259 
2.0762 1.0762 0.0762 0.9238 1.9238 2.9238 3.9238 4.9238 5.9238 6.9238 
0.1070 0.8930 1.8930 2.8930 3.8930 4.8930 5.8930 6.8930 7.8930 8.8930 
8.1028 7.1028 6.1028 5.1028 4.1028 3.1028 2.1028 1.1028 0.1028 0.8972 
5.0938 4.0938 3.0938 2.0938 1.0938 0.0938 0.9062 1.9062 2.9062 3.9062 
0.7695 0.2305 1.2305 2.2305 3.2305 4.2305 5.2305 6.2305 7.2305 8.2305 
0.5288 1.5288 2.5288 3.5288 4.5288 5.5288 6.5288 7.5288 8.5288 9.5288 
6.1770 5.1770 4.1770 3.1770 2.1770 1.1770 0.1770 0.8230 1.8230 2.8230 
4.7599 3.7599 2.7599 1.7599 0.7599 0.2401 1.2401 2.2401 3.2401 4.2401 
6.1733 5.1733 4.1733 3.1733 2.1733 1.1733 0.1733 0.8267 1.8267 2.8267 

10
10
9.9087 8.9087 7.9087 6.9087 5.9087 4.9087 3.9087 2.9087 1.9087 0.9087 
0.3754 0.6246 1.6246 2.6246 3.6246 4.6246 5.6246 6.6246 7.6246 8.6246 
1.4581 0.4581 0.5419 1.5419 2.5419 3.5419 4.5419 5.5419 6.5419 7.5419 
7.5210 6.5210 5.5210 4.5210 3.5210 2.5210 1.5210 0.5210 0.4790 1.4790 
7.1022 6.1022 5.1022 4.1022 3.1022 2.1022 1.1022 0.1022 0.8978 1.8978 
4.3420 3.3420 2.3420 1.3420 0.3420 0.6580 1.6580 2.6580 3.6580 4.6580 
1.4979 0.4979 0.5021 1.5021 2.5021 3.5021 4.5021 5.5021 6.5021 7.5021 
2.8770 1.8770 0.8770 0.1230 1.1230 2.1230 3.1230 4.1230 5.1230 6.1230 
0.7803 0.2197 1.2197 2.2197 3.2197 4.2197 5.2197 6.2197 7.2197 8.2197 
2.9448 1.9448 0.9448 0.0552 1.0552 2.0552 3.0552 4.0552 5.0552 6.0552 

10
10
0.4237 1.4237 2.4237 3.4237 4.4237 5.4237 6.4237 7.4237 8.4237 9.4237 
1.7585 0.7585 0.2415 1.2415 2.2415 3.2415 4.2415 5.2415 6.2415 7.2415 
7.8965 6.8965 5.8965 4.8965 3.8965 2.8965 1.8965 0.8965 0.1035 1.1035 
1.7786 0.7786 0.2214 1.2214 2.2214 3.2214 4.2214 5.2214 6.2214 7.2214 
2.5966 1.5966 0.5966 0.4034 1.4034 2.4034 3.4034 4.4034 5.4034 6.4034 
8.0870 7.0870 6.0870 5.0870 4.0870 3.0870 2.0870 1.0870 0.0870 0.9130 
4.2677 3.2677 2.2677 1.2677 0.2677 0.7323 1.7323 2.7323 3.7323 4.7323 
6.5639 5.5639 4.5639 3.5639 2.5639 1.5639 0.5639 0.4361 1.4361 2.4361 
0.0020 0.9980 1.9980 2.9980 3.9980 4.9980 5.9980 6.9980 7.9980 8.9980 
0.0209 0.9791 1.9791 2.9791 3.9791 4.9791 5.9791 6.9791 7.9791 8.9791 

10
10
4.2084 3.2084 2.2084 1.2084 0.2084 0.7916 1.7916 2.7916 3.7916 4.7916 
0.7220 1.7220 2.7220 3.7220 4.7220 5.7220 6.7220 7.7220 8.7220 9.7220 
0.8192 1.8192 2.8192 3.8192 4.8192 5.8192 6.8192 7.8192 8.8192 9.8192 
1.8678 0.8678 0.1322 1.1322 2.1322 3.1322 4.1322 5.1322 6.1322 7.1322 
1.7671 0.7671 0.2329 1.2329 2.2329 3.2329 4.2329 5.2329 6.2329 7.2329 
3.0386 2.0386 1.0386 0.0386 0.9614 1.9614 2.9614 3.9614 4.9614 5.9614 
1.9995 0.9995 0.0005 1.0005 2.0005 3.0005 4.0005 5.0005 6.0005 7.0005 
9.7625 8.7625 7.7625 6.7625 5.7625 4.7625 3.7625 2.7625 1.7625 0.7625 
1.8397 0.8397 0.1603 1.1603 2.1603 3.1603 4.1603 5.1603 6.1603 7.1603 
1.2997 0.2997 0.7003 1.7003 2.7003 3.7003 4.7003 5.7003 6.7003 7.7003 

10
10
0.8940 1.8940 2.8940 3.8940 4.8940 5.8940 6.8940 7.8940 8.8940 9.8940 
8.1241 7.1241 6.1241 5.1241 4.1241 3.1241 2.1241 1.1241 0.1241 0.8759 
3.6960 2.6960 1.6960 0.6960 0.3040 1.3040 2.3040 3.3040 4.3040 5.3040 
8.7938 7.7938 6.7938 5.7938 4.7938 3.7938 2.7938 1.7938 0.7938 0.2062 
9.3286 8.3286 7.3286 6.3286 5.3286 4.3286 3.3286 2.3286 1.3286 0.3286 
3.0862 2.0862 1.0862 0.0862 0.9138 1.9138 2.9138 3.9138 4.9138 5.9138 
3.3065 2.3065 1.3065 0.3065 0.6935 1.6935 2.6935 3.6935 4.6935 5.6935 
1.8783 0.8783 0.1217 1.1217 2.1217 3.1217 4.1217 5.1217 6.1217 7.1217 
2.2738 1.2738 0.2738 0.7262 1.7262 2.7262 3.7262 4.7262 5.7262 6.7262 
2.1065 1.1065 0.1065 0.8935 1.8935 2.8935 3.8935 4.8935 5.8935 6.8935 

10
10
7.3115 6.3115 5.3115 4.3115 3.3115 2.3115 1.3115 0.3115 0.6885 1.6885 
3.5078 2.5078 1.5078 0.5078 0.4922 1.4922 2.4922 3.4922 4.4922 5.4922 
5.0934 4.0934 3.0934 2.0934 1.0934 0.0934 0.9066 1.9066 2.9066 3.9066 
9.8294 8.8294 7.8294 6.8294 5.8294 4.8294 3.8294 2.8294 1.8294 0.8294 
8.5080 7.5080 6.5080 5.5080 4.5080 3.5080 2.5080 1.5080 0.5080 0.4920 
6.9646 5.9646 4.9646 3.9646 2.9646 1.9646 0.9646 0.0354 1.0354 2.0354 
5.3600 4.3600 3.3600 2.3600 1.3600 0.3600 0.6400 1.6400 2.6400 3.6400 
3.9782 2.9782 1.9782 0.9782 0.0218 1.0218 2.0218 3.0218 4.0218 5.0218 
3.3736 2.3736 1.3736 0.3736 0.6264 1.6264 2.6264 3.6264 4.6264 5.6264 
0.2682 1.2682 2.2682 3.2682 4.2682 5.2682 6.2682 7.2682 8.2682 9.2682 

10
10
6.0405 5.0405 4.0405 3.0405 2.0405 1.0405 0.0405 0.9595 1.9595 2.9595 
7.6058 6.6058 5.6058 4.6058 3.6058 2.6058 1.6058 0.6058 0.3942 1.3942 
7.3713 6.3713 5.3713 4.3713 3.3713 2.3713 1.3713 0.3713 0.6287 1.6287 
2.4908 1.4908 0.4908 0.5092 1.5092 2.5092 3.5092 4.5092 5.5092 6.5092 
4.7174 3.7174 2.7174 1.7174 0.7174 0.2826 1.2826 2.2826 3.2826 4.2826 
4.4225 3.4225 2.4225 1.4225 0.4225 0.5775 1.5775 2.5775 3.5775 4.5775 
6.6028 5.6028 4.6028 3.6028 2.6028 1.6028 0.6028 0.3972 1.3972 2.3972 
0.1632 0.8368 1.8368 2.8368 3.8368 4.8368 5.8368 6.8368 7.8368 8.8368 
1.4438 0.4438 0.5562 1.5562 2.5562 3.5562 4.5562 5.5562 6.5562 7.5562 
4.1618 3.1618 2.1618 1.1618 0.1618 0.8382 1.8382 2.8382 3.8382 4.8382 

10
10
6.7974 5.7974 4.7974 3.7974 2.7974 1.7974 0.7974 0.2026 1.2026 2.2026 
0.2057 0.7943 1.7943 2.7943 3.7943 4.7943 5.7943 6.7943 7.7943 8.7943 
1.9645 0.9645 0.0355 1.0355 2.0355 3.0355 4.0355 5.0355 6.0355 7.0355 
9.0221 8.0221 7.0221 6.0221 5.0221 4.0221 3.0221 2.0221 1.0221 0.0221 
0.3681 1.3681 2.3681 3.3681 4.3681 5.3681 6.3681 7.3681 8.3681 9.3681 
8.9897 7.9897 6.9897 5.9897 4.9897 3.9897 2.9897 1.9897 0.9897 0.0103 
2.4630 1.4630 0.4630 0.5370 1.5370 2.5370 3.5370 4.5370 5.5370 6.5370 
6.1490 5.1490 4.1490 3.1490 2.1490 1.1490 0.1490 0.8510 1.8510 2.8510 
4.9812 3.9812 2.9812 1.9812 0.9812 0.0188 1.0188 2.0188 3.0188 4.0188 
0.9287 1.9287 2.9287 3.9287 4.9287 5.9287 6.9287 7.9287 8.9287 9.9287 

10
10
8.5226 7.5226 6.5226 5.5226 4.5226 3.5226 2.5226 1.5226 0.5226 0.4774 
6.8908 5.8908 4.8908 3.8908 2.8908 1.8908 0.8908 0.1092 1.1092 2.1092 
1.9010 0.9010 0.0990 1.0990 2.0990 3.0990 4.0990 5.0990 6.0990 7.0990 
2.4742 1.4742 0.4742 0.5258 1.5258 2.5258 3.5258 4.5258 5.5258 6.5258 
1.6117 0.6117 0.3883 1.3883 2.3883 3.3883 4.3883 5.3883 6.3883 7.3883 
0.1721 0.8279 1.8279 2.8279 3.8279 4.8279 5.8279 6.8279 7.8279 8.8279 
4.9305 3.9305 2.9305 1.9305 0.9305 0.0695 1.0695 2.0695 3.0695 4.0695 
0.2366 1.2366 2.2366 3.2366 4.2366 5.2366 6.2366 7.2366 8.2366 9.2366 
4.1120 3.1120 2.1120 1.1120 0.1120 0.8880 1.8880 2.8880 3.8880 4.8880 
1.7873 0.7873 0.2127 1.2127 2.2127 3.2127 4.2127 5.2127 6.2127 7.2127 

10
10
4.6943 3.6943 2.6943 1.6943 0.6943 0.3057 1.3057 2.3057 3.3057 4.3057 
8.6953 7.6953 6.6953 5.6953 4.6953 3.6953 2.6953 1.6953 0.6953 0.3047 
7.7228 6.7228 5.7228 4.7228 3.7228 2.7228 1.7228 0.7228 0.2772 1.2772 
8.7143 7.7143 6.7143 5.7143 4.7143 3.7143 2.7143 1.7143 0.7143 0.2857 
7.7583 6.7583 5.7583 4.7583 3.7583 2.7583 1.7583 0.7583 0.2417 1.2417 
3.5707 2.5707 1.5707 0.5707 0.4293 1.4293 2.4293 3.4293 4.4293 5.4293 
4.9699 3.9699 2.9699 1.9699 0.9699 0.0301 1.0301 2.0301 3.0301 4.0301 
4.6927 3.6927 2.6927 1.6927 0.6927 0.3073 1.3073 2.3073 3.3073 4.3073 
0.2688 0.7312 1.7312 2.7312 3.7312 4.7312 5.7312 6.7312 7.7312 8.7312 
9.1148 8.1148 7.1148 6.1148 5.1148 4.1148 3.1148 2.1148 1.1148 0.1148 

10
10
5.5467 4.5467 3.5467 2.5467 1.5467 0.5467 0.4533 1.4533 2.4533 3.4533 
0.2989 0.7011 1.7011 2.7011 3.7011 4.7011 5.7011 6.7011 7.7011 8.7011 
6.0726 5.0726 4.0726 3.0726 2.0726 1.0726 0.0726 0.9274 1.9274 2.9274 
6.7342 5.7342 4.7342 3.7342 2.7342 1.7342 0.7342 0.2658 1.2658 2.2658 
4.3015 3.3015 2.3015 1.3015 0.3015 0.6985 1.6985 2.6985 3.6985 4.6985 
0.4192 1.4192 2.4192 3.4192 4.4192 5.4192 6.4192 7.4192 8.4192 9.4192 
5.7735 4.7735 3.7735 2.7735 1.7735 0.7735 0.2265 1.2265 2.2265 3.2265 
4.3876 3.3876 2.3876 1.3876 0.3876 0.6124 1.6124 2.6124 3.6124 4.6124 
0.1299 1.1299 2.1299 3.1299 4.1299 5.1299 6.1299 7.1299 8.1299 9.1299 
7.9893 6.9893 5.9893 4.9893 3.9893 2.9893 1.9893 0.9893 0.0107 1.0107 

10
10
0.5377 0.4623 1.4623 2.4623 3.4623 4.4623 5.4623 6.4623 7.4623 8.4623 
4.0201 3.0201 2.0201 1.0201 0.0201 0.9799 1.9799 2.9799 3.9799 4.9799 
1.2256 0.2256 0.7744 1.7744 2.7744 3.7744 4.7744 5.7744 6.7744 7.7744 
6.8632 5.8632 4.8632 3.8632 2.8632 1.8632 0.8632 0.1368 1.1368 2.1368 
7.4084 6.4084 5.4084 4.4084 3.4084 2.4084 1.4084 0.4084 0.5916 1.5916 
6.5834 5.5834 4.5834 3.5834 2.5834 1.5834 0.5834 0.4166 1.4166 2.4166 
9.7919 8.7919 7.7919 6.7919 5.7919 4.7919 3.7919 2.7919 1.7919 0.7919 
0.9141 1.9141 2.9141 3.9141 4.9141 5.9141 6.9141 7.9141 8.9141 9.9141 
0.5695 1.5695 2.5695 3.5695 4.5695 5.5695 6.5695 7.5695 8.5695 9.5695 
7.0691 6.0691 5.0691 4.0691 3.0691 2.0691 1.0691 0.0691 0.9309 1.9309 

10
10
7.2269 6.2269 5.2269 4.2269 3.2269 2.2269 1.2269 0.2269 0.7731 1.7731 
8.7383 7.7383 6.7383 5.7383 4.7383 3.7383 2.7383 1.7383 0.7383 0.2617 
6.0233 5.0233 4.0233 3.0233 2.0233 1.0233 0.0233 0.9767 1.9767 2.9767 
8.7370 7.7370 6.7370 5.7370 4.7370 3.7370 2.7370 1.7370 0.7370 0.2630 
2.5424 1.5424 0.5424 0.4576 1.4576 2.4576 3.4576 4.4576 5.4576 6.4576 
9.6228 8.6228 7.6228 6.6228 5.6228 4.6228 3.6228 2.6228 1.6228 0.6228 
7.7684 6.7684 5.7684 4.7684 3.7684 2.7684 1.7684 0.7684 0.2316 1.2316 
8.8159 7.8159 6.8159 5.8159 4.8159 3.8159 2.8159 1.8159 0.8159 0.1841 
9.8768 8.8768 7.8768 6.8768 5.8768 4.8768 3.8768 2.8768 1.8768 0.8768 
9.4253 8.4253 7.4253 6.4253 5.4253 4.4253 3.4253 2.4253 1.4253 0.4253 

10
10
7.1039 6.1039 5.1039 4.1039 3.1039 2.1039 1.1039 0.1039 0.8961 1.8961 
7.3969 6.3969 5.3969 4.3969 3.3969 2.3969 1.3969 0.3969 0.6031 1.6031 
0.9831 0.0169 1.0169 2.0169 3.0169 4.0169 5.0169 6.0169 7.0169 8.0169 
4.0218 3.0218 2.0218 1.0218 0.0218 0.9782 1.9782 2.9782 3.9782 4.9782 
4.3300 3.3300 2.3300 1.3300 0.3300 0.6700 1.6700 2.6700 3.6700 4.6700 
4.0203 3.0203 2.0203 1.0203 0.0203 0.9797 1.9797 2.9797 3.9797 4.9797 
8.3334 7.3334 6.3334 5.3334 4.3334 3.3334 2.3334 1.3334 0.3334 0.6666 
0.0141 0.9859 1.9859 2.9859 3.9859 4.9859 5.9859 6.9859 7.9859 8.9859 
9.8467 8.8467 7.8467 6.8467 5.8467 4.8467 3.8467 2.8467 1.8467 0.8467 
2.5883 1.5883 0.5883 0.4117 1.4117 2.4117 3.4117 4.4117 5.4117 6.4117 

10
10
7.6731 6.6731 5.6731 4.6731 3.6731 2.6731 1.6731 0.6731 0.3269 1.3269 
1.0079 0.0079 0.9921 1.9921 2.9921 3.9921 4.9921 5.9921 6.9921 7.9921 
6.6445 5.6445 4.6445 3.6445 2.6445 1.6445 0.6445 0.3555 1.3555 2.3555 
2.7044 1.7044 0.7044 0.2956 1.2956 2.2956 3.2956 4.2956 5.2956 6.2956 
6.8843 5.8843 4.8843 3.8843 2.8843 1.8843 0.8843 0.1157 1.1157 2.1157 
7.4105 6.4105 5.4105 4.4105 3.4105 2.4105 1.4105 0.4105 0.5895 1.5895 
8.7695 7.7695 6.7695 5.7695 4.7695 3.7695 2.7695 1.7695 0.7695 0.2305 
1.3594 0.3594 0.6406 1.6406 2.6406 3.6406 4.6406 5.6406 6.6406 7.6406 
7.1400 6.1400 5.1400 4.1400 3.1400 2.1400 1.1400 0.1400 0.8600 1.8600 
8.6422 7.6422 6.6422 5.6422 4.6422 3.6422 2.6422 1.6422 0.6422 0.3578 

10
10
7.7748 6.7748 5.7748 4.7748 3.7748 2.7748 1.7748 0.7748 0.2252 1.2252 
9.0380 8.0380 7.0380 6.0380 5.0380 4.0380 3.0380 2.0380 1.0380 0.0380 
9.5416 8.5416 7.5416 6.5416 5.5416 4.5416 3.5416 2.5416 1.5416 0.5416 
2.6080 1.6080 0.6080 0.3920 1.3920 2.3920 3.3920 4.3920 5.3920 6.3920 
2.0589 1.0589 0.0589 0.9411 1.9411 2.9411 3.9411 4.9411 5.9411 6.9411 
9.8293 8.8293 7.8293 6.8293 5.8293 4.8293 3.8293 2.8293 1.8293 0.8293 
2.7411 1.7411 0.7411 0.2589 1.2589 2.2589 3.2589 4.2589 5.2589 6.2589 
7.0778 6.0778 5.0778 4.0778 3.0778 2.0778 1.0778 0.0778 0.9222 1.9222 
0.4660 0.5340 1.5340 2.5340 3.5340 4.5340 5.5340 6.5340 7.5340 8.5340 
6.9651 5.9651 4.9651 3.9651 2.9651 1.9651 0.9651 0.0349 1.0349 2.0349 

10
10
6.4530 5.4530 4.4530 3.4530 2.4530 1.4530 0.4530 0.5470 1.5470 2.5470 
7.2666 6.2666 5.2666 4.2666 3.2666 2.2666 1.2666 0.2666 0.7334 1.7334 
3.6025 2.6025 1.6025 0.6025 0.3975 1.3975 2.3975 3.3975 4.3975 5.3975 
1.4044 0.4044 0.5956 1.5956 2.5956 3.5956 4.5956 5.5956 6.5956 7.5956 
3.2512 2.2512 1.2512 0.2512 0.7488 1.7488 2.7488 3.7488 4.7488 5.7488 
0.3935 0.6065 1.6065 2.6065 3.6065 4.6065 5.6065 6.6065 7.6065 8.6065 
9.9859 8.9859 7.9859 6.9859 5.9859 4.9859 3.9859 2.9859 1.9859 0.9859 
7.6154 6.6154 5.6154 4.6154 3.6154 2.6154 1.6154 0.6154 0.3846 1.3846 
0.6395 0.3605 1.3605 2.3605 3.3605 4.3605 5.3605 6.3605 7.3605 8.3605 
3.3285 2.3285 1.3285 0.3285 0.6715 1.6715 2.6715 3.6715 4.6715 5.6715 

10
10
3.4058 2.4058 1.4058 0.4058 0.5942 1.5942 2.5942 3.5942 4.5942 5.5942 
5.5827 4.5827 3.5827 2.5827 1.5827 0.5827 0.4173 1.4173 2.4173 3.4173 
9.0653 8.0653 7.0653 6.0653 5.0653 4.0653 3.0653 2.0653 1.0653 0.0653 
7.6122 6.6122 5.6122 4.6122 3.6122 2.6122 1.6122 0.6122 0.3878 1.3878 
4.7309 3.7309 2.7309 1.7309 0.7309 0.2691 1.2691 2.2691 3.2691 4.2691 
7.2928 6.2928 5.2928 4.2928 3.2928 2.2928 1.2928 0.2928 0.7072 1.7072 
5.3210 4.3210 3.3210 2.3210 1.3210 0.3210 0.6790 1.6790 2.6790 3.6790 
1.1519 0.1519 0.8481 1.8481 2.8481 3.8481 4.8481 5.8481 6.8481 7.8481 
0.1573 1.1573 2.1573 3.1573 4.1573 5.1573 6.1573 7.1573 8.1573 9.1573 
2.5122 1.5122 0.5122 0.4878 1.4878 2.4878 3.4878 4.4878 5.4878 6.4878 

10
10
6.6512 5.6512 4.6512 3.6512 2.6512 1.6512 0.6512 0.3488 1.3488 2.3488 
8.7578 7.7578 6.7578 5.7578 4.7578 3.7578 2.7578 1.7578 0.7578 0.2422 
7.4208 6.4208 5.4208 4.4208 3.4208 2.4208 1.4208 0.4208 0.5792 1.5792 
4.5840 3.5840 2.5840 1.5840 0.5840 0.4160 1.4160 2.4160 3.4160 4.4160 
0.1569 1.1569 2.1569 3.1569 4.1569 5.1569 6.1569 7.1569 8.1569 9.1569 
8.3929 7.3929 6.3929 5.3929 4.3929 3.3929 2.3929 1.3929 0.3929 0.6071 
9.9386 8.9386 7.9386 6.9386 5.9386 4.9386 3.9386 2.9386 1.9386 0.9386 
4.2229 3.2229 2.2229 1.2229 0.2229 0.7771 1.7771 2.7771 3.7771 4.7771 
4.6402 3.6402 2.6402 1.6402 0.6402 0.3598 1.3598 2.3598 3.3598 4.3598 
7.5566 6.5566 5.5566 4.5566 3.5566 2.5566 1.5566 0.5566 0.4434 1.4434 

10
10
6.4580 5.4580 4.4580 3.4580 2.4580 1.4580 0.4580 0.5420 1.5420 2.5420 
7.8806 6.8806 5.8806 4.8806 3.8806 2.8806 1.8806 0.8806 0.1194 1.1194 
0.0344 1.0344 2.0344 3.0344 4.0344 5.0344 6.0344 7.0344 8.0344 9.0344 
7.6162 6.6162 5.6162 4.6162 3.6162 2.6162 1.6162 0.6162 0.3838 1.3838 
0.3637 1.3637 2.3637 3.3637 4.3637 5.3637 6.3637 7.3637 8.3637 9.3637 
2.2002 1.2002 0.2002 0.7998 1.7998 2.7998 3.7998 4.7998 5.7998 6.7998 
4.6912 3.6912 2.6912 1.6912 0.6912 0.3088 1.3088 2.3088 3.3088 4.3088 
1.1402 0.1402 0.8598 1.8598 2.8598 3.8598 4.8598 5.8598 6.8598 7.8598 
6.7740 5.7740 4.7740 3.7740 2.7740 1.7740 0.7740 0.2260 1.2260 2.2260 
0.3573 0.6427 1.6427 2.6427 3.6427 4.6427 5.6427 6.6427 7.6427 8.6427 

10
10
5.0241 4.0241 3.0241 2.0241 1.0241 0.0241 0.9759 1.9759 2.9759 3.9759 
9.3647 8.3647 7.3647 6.3647 5.3647 4.3647 3.3647 2.3647 1.3647 0.3647 
8.7427 7.7427 6.7427 5.7427 4.7427 3.7427 2.7427 1.7427 0.7427 0.2573 
2.7162 1.7162 0.7162 0.2838 1.2838 2.2838 3.2838 4.2838 5.2838 6.2838 
1.0162 0.0162 0.9838 1.9838 2.9838 3.9838 4.9838 5.9838 6.9838 7.9838 
1.8522 0.8522 0.1478 1.1478 2.1478 3.1478 4.1478 5.1478 6.1478 7.1478 
1.2390 0.2390 0.7610 1.7610 2.7610 3.7610 4.7610 5.7610 6.7610 7.7610 
8.1998 7.1998 6.1998 5.1998 4.1998 3.1998 2.1998 1.1998 0.1998 0.8002 
5.2284 4.2284 3.2284 2.2284 1.2284 0.2284 0.7716 1.7716 2.7716 3.7716 
8.1687 7.1687 6.1687 5.1687 4.1687 3.1687 2.1687 1.1687 0.1687 0.8313 

10
10
0.0060 0.9940 1.9940 2.9940 3.9940 4.9940 5.9940 6.9940 7.9940 8.9940 
0.0889 0.9111 1.9111 2.9111 3.9111 4.9111 5.9111 6.9111 7.9111 8.9111 
6.2027 5.2027 4.2027 3.2027 2.2027 1.2027 0.2027 0.7973 1.7973 2.7973 
6.0177 5.0177 4.0177 3.0177 2.0177 1.0177 0.0177 0.9823 1.9823 2.9823 
9.4572 8.4572 7.4572 6.4572 5.4572 4.4572 3.4572 2.4572 1.4572 0.4572 
2.6239 1.6239 0.6239 0.3761 1.3761 2.3761 3.3761 4.3761 5.3761 6.3761 
4.1062 3.1062 2.1062 1.1062 0.1062 0.8938 1.8938 2.8938 3.8938 4.8938 
1.7262 0.7262 0.2738 1.2738 2.2738 3.2738 4.2738 5.2738 6.2738 7.2738 
9.5233 8.5233 7.5233 6.5233 5.5233 4.5233 3.5233 2.5233 1.5233 0.5233 
4.7860 3.7860 2.7860 1.7860 0.7860 0.2140 1.2140 2.2140 3.2140 4.2140 

10
10
4.7214 3.7214 2.7214 1.7214 0.7214 0.2786 1.2786 2.2786 3.2786 4.2786 
5.2782 4.2782 3.2782 2.2782 1.2782 0.2782 0.7218 1.7218 2.7218 3.7218 
3.5226 2.5226 1.5226 0.5226 0.4774 1.4774 2.4774 3.4774 4.4774 5.4774 
6.9810 5.9810 4.9810 3.9810 2.9810 1.9810 0.9810 0.0190 1.0190 2.0190 
2.8577 1.8577 0.8577 0.1423 1.1423 2.1423 3.1423 4.1423 5.1423 6.1423 
5.2321 4.2321 3.2321 2.2321 1.2321 0.2321 0.7679 1.7679 2.7679 3.7679 
1.4262 0.4262 0.5738 1.5738 2.5738 3.5738 4.5738 5.5738 6.5738 7.5738 
4.0411 3.0411 2.0411 1.0411 0.0411 0.9589 1.9589 2.9589 3.9589 4.9589 
2.2537 1.2537 0.2537 0.7463 1.7463 2.7463 3.7463 4.7463 5.7463 6.7463 
6.8494 5.8494 4.8494 3.8494 2.8494 1.8494 0.8494 0.1506 1.1506 2.1506 

10
10
5.0605 4.0605 3.0605 2.0605 1.0605 0.0605 0.9395 1.9395 2.9395 3.9395 
1.9903 0.9903 0.0097 1.0097 2.0097 3.0097 4.0097 5.0097 6.0097 7.0097 
6.1290 5.1290 4.1290 3.1290 2.1290 1.1290 0.1290 0.8710 1.8710 2.8710 
6.5899 5.5899 4.5899 3.5899 2.5899 1.5899 0.5899 0.4101 1.4101 2.4101 
9.5457 8.5457 7.5457 6.5457 5.5457 4.5457 3.5457 2.5457 1.5457 0.5457 
0.5982 1.5982 2.5982 3.5982 4.5982 5.5982 6.5982 7.5982 8.5982 9.5982 
0.7276 0.2724 1.2724 2.2724 3.2724 4.2724 5.2724 6.2724 7.2724 8.2724 
9.8058 8.8058 7.8058 6.8058 5.8058 4.8058 3.8058 2.8058 1.8058 0.8058 
2.6273 1.6273 0.6273 0.3727 1.3727 2.3727 3.3727 4.3727 5.3727 6.3727 
5.8935 4.8935 3.8935 2.8935 1.8935 0.8935 0.1065 1.1065 2.1065 3.1065 

