5
5
1.7855 0.7855 0.2145 1.2145 2.2145 
1.1626 0.1626 0.8374 1.8374 2.8374 
4.7462 3.7462 2.7462 1.7462 0.7462 
0.3208 0.6792 1.6792 2.6792 3.6792 
0.3632 0.6368 1.6368 2.6368 3.6368 

13
13
0.5666 0.4334 1.4334 2.4334 3.4334 4.4334 5.4334 6.4334 7.4334 8.4334 9.4334 10.4334 11.4334 
3.2055 2.2055 1.2055 0.2055 0.7945 1.7945 2.7945 3.7945 4.7945 5.7945 6.7945 7.7945 8.7945 
12.8793 11.8793 10.8793 9.8793 8.8793 7.8793 6.8793 5.8793 4.8793 3.8793 2.8793 1.8793 0.8793 
5.0667 4.0667 3.0667 2.0667 1.0667 0.0667 0.9333 1.9333 2.9333 3.9333 4.9333 5.9333 6.9333 
7.7585 6.7585 5.7585 4.7585 3.7585 2.7585 1.7585 0.7585 0.2415 1.2415 2.2415 3.2415 4.2415 
0.3080 0.6920 1.6920 2.6920 3.6920 4.6920 5.6920 6.6920 7.6920 8.6920 9.6920 10.6920 11.6920 
6.1716 5.1716 4.1716 3.1716 2.1716 1.1716 0.1716 0.8284 1.8284 2.8284 3.8284 4.8284 5.8284 
2.1258 1.1258 0.1258 0.8742 1.8742 2.8742 3.8742 4.8742 5.8742 6.8742 7.8742 8.8742 9.8742 
5.1497 4.1497 3.1497 2.1497 1.1497 0.1497 0.8503 1.8503 2.8503 3.8503 4.8503 5.8503 6.8503 
4.8795 3.8795 2.8795 1.8795 0.8795 0.1205 1.1205 2.1205 3.1205 4.1205 5.1205 6.1205 7.1205 
2.5874 1.5874 0.5874 0.4126 1.4126 2.4126 3.4126 4.4126 5.4126 6.4126 7.4126 8.4126 9.4126 
1.5863 0.5863 0.4137 1.4137 2.4137 3.4137 4.4137 5.4137 6.4137 7.4137 8.4137 9.4137 10.4137 
4.8802 3.8802 2.8802 1.8802 0.8802 0.1198 1.1198 2.1198 3.1198 4.1198 5.1198 6.1198 7.1198 

17
17
3.2807 2.2807 1.2807 0.2807 0.7193 1.7193 2.7193 3.7193 4.7193 5.7193 6.7193 7.7193 8.7193 9.7193 10.7193 11.7193 12.7193 
2.9972 1.9972 0.9972 0.0028 1.0028 2.0028 3.0028 4.0028 5.0028 6.0028 7.0028 8.0028 9.0028 10.0028 11.0028 12.0028 13.0028 
6.8654 5.8654 4.8654 3.8654 2.8654 1.8654 0.8654 0.1346 1.1346 2.1346 3.1346 4.1346 5.1346 6.1346 7.1346 8.1346 9.1346 
0.0940 1.0940 2.0940 3.0940 4.0940 5.0940 6.0940 7.0940 8.0940 9.0940 10.0940 11.0940 12.0940 13.0940 14.0940 15.0940 16.0940 
8.1301 7.1301 6.1301 5.1301 4.1301 3.1301 2.1301 1.1301 0.1301 0.8699 1.8699 2.8699 3.8699 4.8699 5.8699 6.8699 7.8699 
8.5279 7.5279 6.5279 5.5279 4.5279 3.5279 2.5279 1.5279 0.5279 0.4721 1.4721 2.4721 3.4721 4.4721 5.4721 6.4721 7.4721 
4.5089 3.5089 2.5089 1.5089 0.5089 0.4911 1.4911 2.4911 3.4911 4.4911 5.4911 6.4911 7.4911 8.4911 9.4911 10.4911 11.4911 
12.5903 11.5903 10.5903 9.5903 8.5903 7.5903 6.5903 5.5903 4.5903 3.5903 2.5903 1.5903 0.5903 0.4097 1.4097 2.4097 3.4097 
1.3154 0.3154 0.6846 1.6846 2.6846 3.6846 4.6846 5.6846 6.6846 7.6846 8.6846 9.6846 10.6846 11.6846 12.6846 13.6846 14.6846 
15.3721 14.3721 13.3721 12.3721 11.3721 10.3721 9.3721 8.3721 7.3721 6.3721 5.3721 4.3721 3.3721 2.3721 1.3721 0.3721 0.6279 
5.4890 4.4890 3.4890 2.4890 1.4890 0.4890 0.5110 1.5110 2.5110 3.5110 4.5110 5.5110 6.5110 7.5110 8.5110 9.5110 10.5110 
5.0101 4.0101 3.0101 2.0101 1.0101 0.0101 0.9899 1.9899 2.9899 3.9899 4.9899 5.9899 6.9899 7.9899 8.9899 9.9899 10.9899 
13.4912 12.4912 11.4912 10.4912 9.4912 8.4912 7.4912 6.4912 5.4912 4.4912 3.4912 2.4912 1.4912 0.4912 0.5088 1.5088 2.5088 
3.7686 2.7686 1.7686 0.7686 0.2314 1.2314 2.2314 3.2314 4.2314 5.2314 6.2314 7.2314 8.2314 9.2314 10.2314 11.2314 12.2314 
0.9485 1.9485 2.9485 3.9485 4.9485 5.9485 6.9485 7.9485 8.9485 9.9485 10.9485 11.9485 12.9485 13.9485 14.9485 15.9485 16.9485 
16.6367 15.6367 14.6367 13.6367 12.6367 11.6367 10.6367 9.6367 8.6367 7.6367 6.6367 5.6367 4.6367 3.6367 2.6367 1.6367 0.6367 
11.0914 10.0914 9.0914 8.0914 7.0914 6.0914 5.0914 4.0914 3.0914 2.0914 1.0914 0.0914 0.9086 1.9086 2.9086 3.9086 4.9086 

15
15
6.1664 5.1664 4.1664 3.1664 2.1664 1.1664 0.1664 0.8336 1.8336 2.8336 3.8336 4.8336 5.8336 6.8336 7.8336 
6.8454 5.8454 4.8454 3.8454 2.8454 1.8454 0.8454 0.1546 1.1546 2.1546 3.1546 4.1546 5.1546 6.1546 7.1546 
10.2646 9.2646 8.2646 7.2646 6.2646 5.2646 4.2646 3.2646 2.2646 1.2646 0.2646 0.7354 1.7354 2.7354 3.7354 
4.2816 3.2816 2.2816 1.2816 0.2816 0.7184 1.7184 2.7184 3.7184 4.7184 5.7184 6.7184 7.7184 8.7184 9.7184 
8.7336 7.7336 6.7336 5.7336 4.7336 3.7336 2.7336 1.7336 0.7336 0.2664 1.2664 2.2664 3.2664 4.2664 5.2664 
2.0689 1.0689 0.0689 0.9311 1.9311 2.9311 3.9311 4.9311 5.9311 6.9311 7.9311 8.9311 9.9311 10.9311 11.9311 
6.1483 5.1483 4.1483 3.1483 2.1483 1.1483 0.1483 0.8517 1.8517 2.8517 3.8517 4.8517 5.8517 6.8517 7.8517 
0.4298 0.5702 1.5702 2.5702 3.5702 4.5702 5.5702 6.5702 7.5702 8.5702 9.5702 10.5702 11.5702 12.5702 13.5702 
5.0682 4.0682 3.0682 2.0682 1.0682 0.0682 0.9318 1.9318 2.9318 3.9318 4.9318 5.9318 6.9318 7.9318 8.9318 
3.4207 2.4207 1.4207 0.4207 0.5793 1.5793 2.5793 3.5793 4.5793 5.5793 6.5793 7.5793 8.5793 9.5793 10.5793 
0.9801 0.0199 1.0199 2.0199 3.0199 4.0199 5.0199 6.0199 7.0199 8.0199 9.0199 10.0199 11.0199 12.0199 13.0199 
5.7008 4.7008 3.7008 2.7008 1.7008 0.7008 0.2992 1.2992 2.2992 3.2992 4.2992 5.2992 6.2992 7.2992 8.2992 
14.9288 13.9288 12.9288 11.9288 10.9288 9.9288 8.9288 7.9288 6.9288 5.9288 4.9288 3.9288 2.9288 1.9288 0.9288 
3.8484 2.8484 1.8484 0.8484 0.1516 1.1516 2.1516 3.1516 4.1516 5.1516 6.1516 7.1516 8.1516 9.1516 10.1516 
12.4846 11.4846 10.4846 9.4846 8.4846 7.4846 6.4846 5.4846 4.4846 3.4846 2.4846 1.4846 0.4846 0.5154 1.5154 

7
7
2.7162 1.7162 0.7162 0.2838 1.2838 2.2838 3.2838 
1.6993 0.6993 0.3007 1.3007 2.3007 3.3007 4.3007 
4.8485 3.8485 2.8485 1.8485 0.8485 0.1515 1.1515 
6.8433 5.8433 4.8433 3.8433 2.8433 1.8433 0.8433 
0.7604 0.2396 1.2396 2.2396 3.2396 4.2396 5.2396 
0.8081 0.1919 1.1919 2.1919 3.1919 4.1919 5.1919 
0.9541 0.0459 1.0459 2.0459 3.0459 4.0459 5.0459 

1
1
0.1522 

0
0

13
13
10.4961 9.4961 8.4961 7.4961 6.4961 5.4961 4.4961 3.4961 2.4961 1.4961 0.4961 0.5039 1.5039 
10.3023 9.3023 8.3023 7.3023 6.3023 5.3023 4.3023 3.3023 2.3023 1.3023 0.3023 0.6977 1.6977 
5.0003 4.0003 3.0003 2.0003 1.0003 0.0003 0.9997 1.9997 2.9997 3.9997 4.9997 5.9997 6.9997 
0.6792 1.6792 2.6792 3.6792 4.6792 5.6792 6.6792 7.6792 8.6792 9.6792 10.6792 11.6792 12.6792 
8.6479 7.6479 6.6479 5.6479 4.6479 3.6479 2.6479 1.6479 0.6479 0.3521 1.3521 2.3521 3.3521 
7.9225 6.9225 5.9225 4.9225 3.9225 2.9225 1.9225 0.9225 0.0775 1.0775 2.0775 3.0775 4.0775 
6.7190 5.7190 4.7190 3.7190 2.7190 1.7190 0.7190 0.2810 1.2810 2.2810 3.2810 4.2810 5.2810 
3.4132 2.4132 1.4132 0.4132 0.5868 1.5868 2.5868 3.5868 4.5868 5.5868 6.5868 7.5868 8.5868 
4.3591 3.3591 2.3591 1.3591 0.3591 0.6409 1.6409 2.6409 3.6409 4.6409 5.6409 6.6409 7.6409 
3.1128 2.1128 1.1128 0.1128 0.8872 1.8872 2.8872 3.8872 4.8872 5.8872 6.8872 7.8872 8.8872 
5.5049 4.5049 3.5049 2.5049 1.5049 0.5049 0.4951 1.4951 2.4951 3.4951 4.4951 5.4951 6.4951 
11.0626 10.0626 9.0626 8.0626 7.0626 6.0626 5.0626 4.0626 3.0626 2.0626 1.0626 0.0626 0.9374 
8.2178 7.2178 6.2178 5.2178 4.2178 3.2178 2.2178 1.2178 0.2178 0.7822 1.7822 2.7822 3.7822 

6
6
0.9998 1.9998 2.9998 3.9998 4.9998 5.9998 
5.9671 4.9671 3.9671 2.9671 1.9671 0.9671 
1.6880 0.6880 0.3120 1.3120 2.3120 3.3120 
3.6854 2.6854 1.6854 0.6854 0.3146 1.3146 
0.8564 0.1436 1.1436 2.1436 3.1436 4.1436 
0.7882 0.2118 1.2118 2.2118 3.2118 4.2118 

8
8
1.1390 0.1390 0.8610 1.8610 2.8610 3.8610 4.8610 5.8610 
4.3188 3.3188 2.3188 1.3188 0.3188 0.6812 1.6812 2.6812 
4.9013 3.9013 2.9013 1.9013 0.9013 0.0987 1.0987 2.0987 
2.3873 1.3873 0.3873 0.6127 1.6127 2.6127 3.6127 4.6127 
2.7494 1.7494 0.7494 0.2506 1.2506 2.2506 3.2506 4.2506 
0.0727 0.9273 1.9273 2.9273 3.9273 4.9273 5.9273 6.9273 
0.5167 1.5167 2.5167 3.5167 4.5167 5.5167 6.5167 7.5167 
3.4196 2.4196 1.4196 0.4196 0.5804 1.5804 2.5804 3.5804 

4
4
0.2891 1.2891 2.2891 3.2891 
0.3655 0.6345 1.6345 2.6345 
3.0936 2.0936 1.0936 0.0936 
2.3883 1.3883 0.3883 0.6117 

15
15
3.1311 2.1311 1.1311 0.1311 0.8689 1.8689 2.8689 3.8689 4.8689 5.8689 6.8689 7.8689 8.8689 9.8689 10.8689 
8.3327 7.3327 6.3327 5.3327 4.3327 3.3327 2.3327 1.3327 0.3327 0.6673 1.6673 2.6673 3.6673 4.6673 5.6673 
2.8593 1.8593 0.8593 0.1407 1.1407 2.1407 3.1407 4.1407 5.1407 6.1407 7.1407 8.1407 9.1407 10.1407 11.1407 
12.9917 11.9917 10.9917 9.9917 8.9917 7.9917 6.9917 5.9917 4.9917 3.9917 2.9917 1.9917 0.9917 0.0083 1.0083 
9.5328 8.5328 7.5328 6.5328 5.5328 4.5328 3.5328 2.5328 1.5328 0.5328 0.4672 1.4672 2.4672 3.4672 4.4672 
12.4699 11.4699 10.4699 9.4699 8.4699 7.4699 6.4699 5.4699 4.4699 3.4699 2.4699 1.4699 0.4699 0.5301 1.5301 
14.2104 13.2104 12.2104 11.2104 10.2104 9.2104 8.2104 7.2104 6.2104 5.2104 4.2104 3.2104 2.2104 1.2104 0.2104 
0.5327 1.5327 2.5327 3.5327 4.5327 5.5327 6.5327 7.5327 8.5327 9.5327 10.5327 11.5327 12.5327 13.5327 14.5327 
13.2271 12.2271 11.2271 10.2271 9.2271 8.2271 7.2271 6.2271 5.2271 4.2271 3.2271 2.2271 1.2271 0.2271 0.7729 
10.4470 9.4470 8.4470 7.4470 6.4470 5.4470 4.4470 3.4470 2.4470 1.4470 0.4470 0.5530 1.5530 2.5530 3.5530 
0.6065 1.6065 2.6065 3.6065 4.6065 5.6065 6.6065 7.6065 8.6065 9.6065 10.6065 11.6065 12.6065 13.6065 14.6065 
6.5755 5.5755 4.5755 3.5755 2.5755 1.5755 0.5755 0.4245 1.4245 2.4245 3.4245 4.4245 5.4245 6.4245 7.4245 
5.2758 4.2758 3.2758 2.2758 1.2758 0.2758 0.7242 1.7242 2.7242 3.7242 4.7242 5.7242 6.7242 7.7242 8.7242 
3.7116 2.7116 1.7116 0.7116 0.2884 1.2884 2.2884 3.2884 4.2884 5.2884 6.2884 7.2884 8.2884 9.2884 10.2884 
0.9265 1.9265 2.9265 3.9265 4.9265 5.9265 6.9265 7.9265 8.9265 9.9265 10.9265 11.9265 12.9265 13.9265 14.9265 

1
1
0.3249 

19
19
1.2346 0.2346 0.7654 1.7654 2.7654 3.7654 4.7654 5.7654 6.7654 7.7654 8.7654 9.7654 10.7654 11.7654 12.7654 13.7654 14.7654 15.7654 16.7654 
13.5688 12.5688 11.5688 10.5688 9.5688 8.5688 7.5688 6.5688 5.5688 4.5688 3.5688 2.5688 1.5688 0.5688 0.4312 1.4312 2.4312 3.4312 4.4312 
7.8899 6.8899 5.8899 4.8899 3.8899 2.8899 1.8899 0.8899 0.1101 1.1101 2.1101 3.1101 4.1101 5.1101 6.1101 7.1101 8.1101 9.1101 10.1101 
10.7747 9.7747 8.7747 7.7747 6.7747 5.7747 4.7747 3.7747 2.7747 1.7747 0.7747 0.2253 1.2253 2.2253 3.2253 4.2253 5.2253 6.2253 7.2253 
16.4574 15.4574 14.4574 13.4574 12.4574 11.4574 10.4574 9.4574 8.4574 7.4574 6.4574 5.4574 4.4574 3.4574 2.4574 1.4574 0.4574 0.5426 1.5426 
2.7047 1.7047 0.7047 0.2953 1.2953 2.2953 3.2953 4.2953 5.2953 6.2953 7.2953 8.2953 9.2953 10.2953 11.2953 12.2953 13.2953 14.2953 15.2953 
0.3332 0.6668 1.6668 2.6668 3.6668 4.6668 5.6668 6.6668 7.6668 8.6668 9.6668 10.6668 11.6668 12.6668 13.6668 14.6668 15.6668 16.6668 17.6668 
14.3105 13.3105 12.3105 11.3105 10.3105 9.3105 8.3105 7.3105 6.3105 5.3105 4.3105 3.3105 2.3105 1.3105 0.3105 0.6895 1.6895 2.6895 3.6895 
6.4322 5.4322 4.4322 3.4322 2.4322 1.4322 0.4322 0.5678 1.5678 2.5678 3.5678 4.5678 5.5678 6.5678 7.5678 8.5678 9.5678 10.5678 11.5678 
0.8050 0.1950 1.1950 2.1950 3.1950 4.1950 5.1950 6.1950 7.1950 8.1950 9.1950 10.1950 11.1950 12.1950 13.1950 14.1950 15.1950 16.1950 17.1950 
4.6328 3.6328 2.6328 1.6328 0.6328 0.3672 1.3672 2.3672 3.3672 4.3672 5.3672 6.3672 7.3672 8.3672 9.3672 10.3672 11.3672 12.3672 13.3672 
5.4454 4.4454 3.4454 2.4454 1.4454 0.4454 0.5546 1.5546 2.5546 3.5546 4.5546 5.5546 6.5546 7.5546 8.5546 9.5546 10.5546 11.5546 12.5546 
1.2133 0.2133 0.7867 1.7867 2.7867 3.7867 4.7867 5.7867 6.7867 7.7867 8.7867 9.7867 10.7867 11.7867 12.7867 13.7867 14.7867 15.7867 16.7867 
6.3218 5.3218 4.3218 3.3218 2.3218 1.3218 0.3218 0.6782 1.6782 2.6782 3.6782 4.6782 5.6782 6.6782 7.6782 8.6782 9.6782 10.6782 11.6782 
16.0414 15.0414 14.0414 13.0414 12.0414 11.0414 10.0414 9.0414 8.0414 7.0414 6.0414 5.0414 4.0414 3.0414 2.0414 1.0414 0.0414 0.9586 1.9586 
8.6065 7.6065 6.6065 5.6065 4.6065 3.6065 2.6065 1.6065 0.6065 0.3935 1.3935 2.3935 3.3935 4.3935 5.3935 6.3935 7.3935 8.3935 9.3935 
11.7020 10.7020 9.7020 8.7020 7.7020 6.7020 5.7020 4.7020 3.7020 2.7020 1.7020 0.7020 0.2980 1.2980 2.2980 3.2980 4.2980 5.2980 6.2980 
2.5724 1.5724 0.5724 0.4276 1.4276 2.4276 3.4276 4.4276 5.4276 6.4276 7.4276 8.4276 9.4276 10.4276 11.4276 12.4276 13.4276 14.4276 15.4276 
1.8329 0.8329 0.1671 1.1671 2.1671 3.1671 4.1671 5.1671 6.1671 7.1671 8.1671 9.1671 10.1671 11.1671 12.1671 13.1671 14.1671 15.1671 16.1671 

12
12
11.8631 10.8631 9.8631 8.8631 7.8631 6.8631 5.8631 4.8631 3.8631 2.8631 1.8631 0.8631 
5.3708 4.3708 3.3708 2.3708 1.3708 0.3708 0.6292 1.6292 2.6292 3.6292 4.6292 5.6292 
5.7080 4.7080 3.7080 2.7080 1.7080 0.7080 0.2920 1.2920 2.2920 3.2920 4.2920 5.2920 
11.6420 10.6420 9.6420 8.6420 7.6420 6.6420 5.6420 4.6420 3.6420 2.6420 1.6420 0.6420 
0.6341 1.6341 2.6341 3.6341 4.6341 5.6341 6.6341 7.6341 8.6341 9.6341 10.6341 11.6341 
4.3405 3.3405 2.3405 1.3405 0.3405 0.6595 1.6595 2.6595 3.6595 4.6595 5.6595 6.6595 
9.8581 8.8581 7.8581 6.8581 5.8581 4.8581 3.8581 2.8581 1.8581 0.8581 0.1419 1.1419 
0.1938 1.1938 2.1938 3.1938 4.1938 5.1938 6.1938 7.1938 8.1938 9.1938 10.1938 11.1938 
6.2326 5.2326 4.2326 3.2326 2.2326 1.2326 0.2326 0.7674 1.7674 2.7674 3.7674 4.7674 
8.4212 7.4212 6.4212 5.4212 4.4212 3.4212 2.4212 1.4212 0.4212 0.5788 1.5788 2.5788 
11.8136 10.8136 9.8136 8.8136 7.8136 6.8136 5.8136 4.8136 3.8136 2.8136 1.8136 0.8136 
11.2990 10.2990 9.2990 8.2990 7.2990 6.2990 5.2990 4.2990 3.2990 2.2990 1.2990 0.2990 

18
18
3.3918 2.3918 1.3918 0.3918 0.6082 1.6082 2.6082 3.6082 4.6082 5.6082 6.6082 7.6082 8.6082 9.6082 10.6082 11.6082 12.6082 13.6082 
1.8526 0.8526 0.1474 1.1474 2.1474 3.1474 4.1474 5.1474 6.1474 7.1474 8.1474 9.1474 10.1474 11.1474 12.1474 13.1474 14.1474 15.1474 
6.2251 5.2251 4.2251 3.2251 2.2251 1.2251 0.2251 0.7749 1.7749 2.7749 3.7749 4.7749 5.7749 6.7749 7.7749 8.7749 9.7749 10.7749 
7.6195 6.6195 5.6195 4.6195 3.6195 2.6195 1.6195 0.6195 0.3805 1.3805 2.3805 3.3805 4.3805 5.3805 6.3805 7.3805 8.3805 9.3805 
3.0313 2.0313 1.0313 0.0313 0.9687 1.9687 2.9687 3.9687 4.9687 5.9687 6.9687 7.9687 8.9687 9.9687 10.9687 11.9687 12.9687 13.9687 
11.2988 10.2988 9.2988 8.2988 7.2988 6.2988 5.2988 4.2988 3.2988 2.2988 1.2988 0.2988 0.7012 1.7012 2.7012 3.7012 4.7012 5.7012 
12.3465 11.3465 10.3465 9.3465 8.3465 7.3465 6.3465 5.3465 4.3465 3.3465 2.3465 1.3465 0.3465 0.6535 1.6535 2.6535 3.6535 4.6535 
0.5723 0.4277 1.4277 2.4277 3.4277 4.4277 5.4277 6.4277 7.4277 8.4277 9.4277 10.4277 11.4277 12.4277 13.4277 14.4277 15.4277 16.4277 
3.1622 2.1622 1.1622 0.1622 0.8378 1.8378 2.8378 3.8378 4.8378 5.8378 6.8378 7.8378 8.8378 9.8378 10.8378 11.8378 12.8378 13.8378 
4.1278 3.1278 2.1278 1.1278 0.1278 0.8722 1.8722 2.8722 3.8722 4.8722 5.8722 6.8722 7.8722 8.8722 9.8722 10.8722 11.8722 12.8722 
13.2609 12.2609 11.2609 10.2609 9.2609 8.2609 7.2609 6.2609 5.2609 4.2609 3.2609 2.2609 1.2609 0.2609 0.7391 1.7391 2.7391 3.7391 
16.5100 15.5100 14.5100 13.5100 12.5100 11.5100 10.5100 9.5100 8.5100 7.5100 6.5100 5.5100 4.5100 3.5100 2.5100 1.5100 0.5100 0.4900 
13.5678 12.5678 11.5678 10.5678 9.5678 8.5678 7.5678 6.5678 5.5678 4.5678 3.5678 2.5678 1.5678 0.5678 0.4322 1.4322 2.4322 3.4322 
17.1074 16.1074 15.1074 14.1074 13.1074 12.1074 11.1074 10.1074 9.1074 8.1074 7.1074 6.1074 5.1074 4.1074 3.1074 2.1074 1.1074 0.1074 
2.0976 1.0976 0.0976 0.9024 1.9024 2.9024 3.9024 4.9024 5.9024 6.9024 7.9024 8.9024 9.9024 10.9024 11.9024 12.9024 13.9024 14.9024 
5.1896 4.1896 3.1896 2.1896 1.1896 0.1896 0.8104 1.8104 2.8104 3.8104 4.8104 5.8104 6.8104 7.8104 8.8104 9.8104 10.8104 11.8104 
7.2903 6.2903 5.2903 4.2903 3.2903 2.2903 1.2903 0.2903 0.7097 1.7097 2.7097 3.7097 4.7097 5.7097 6.7097 7.7097 8.7097 9.7097 
1.5251 0.5251 0.4749 1.4749 2.4749 3.4749 4.4749 5.4749 6.4749 7.4749 8.4749 9.4749 10.4749 11.4749 12.4749 13.4749 14.4749 15.4749 

4
4
1.2851 0.2851 0.7149 1.7149 
0.6015 1.6015 2.6015 3.6015 
0.1906 1.1906 2.1906 3.1906 
0.5031 1.5031 2.5031 3.5031 

3
3
1.0158 0.0158 0.9842 
0.1454 1.1454 2.1454 
2.6823 1.6823 0.6823 

12
12
6.5728 5.5728 4.5728 3.5728 2.5728 1.5728 0.5728 0.4272 1.4272 2.4272 3.4272 4.4272 
3.0591 2.0591 1.0591 0.0591 0.9409 1.9409 2.9409 3.9409 4.9409 5.9409 6.9409 7.9409 
0.0037 0.9963 1.9963 2.9963 3.9963 4.9963 5.9963 6.9963 7.9963 8.9963 9.9963 10.9963 
5.0200 4.0200 3.0200 2.0200 1.0200 0.0200 0.9800 1.9800 2.9800 3.9800 4.9800 5.9800 
3.4807 2.4807 1.4807 0.4807 0.5193 1.5193 2.5193 3.5193 4.5193 5.5193 6.5193 7.5193 
4.0577 3.0577 2.0577 1.0577 0.0577 0.9423 1.9423 2.9423 3.9423 4.9423 5.9423 6.9423 
0.1798 0.8202 1.8202 2.8202 3.8202 4.8202 5.8202 6.8202 7.8202 8.8202 9.8202 10.8202 
4.5577 3.5577 2.5577 1.5577 0.5577 0.4423 1.4423 2.4423 3.4423 4.4423 5.4423 6.4423 
6.6956 5.6956 4.6956 3.6956 2.6956 1.6956 0.6956 0.3044 1.3044 2.3044 3.3044 4.3044 
4.3313 3.3313 2.3313 1.3313 0.3313 0.6687 1.6687 2.6687 3.6687 4.6687 5.6687 6.6687 
6.7220 5.7220 4.7220 3.7220 2.7220 1.7220 0.7220 0.2780 1.2780 2.2780 3.2780 4.2780 
7.0315 6.0315 5.0315 4.0315 3.0315 2.0315 1.0315 0.0315 0.9685 1.9685 2.9685 3.9685 

8
8
0.2040 0.7960 1.7960 2.7960 3.7960 4.7960 5.7960 6.7960 
2.0612 1.0612 0.0612 0.9388 1.9388 2.9388 3.9388 4.9388 
6.3754 5.3754 4.3754 3.3754 2.3754 1.3754 0.3754 0.6246 
4.7973 3.7973 2.7973 1.7973 0.7973 0.2027 1.2027 2.2027 
0.3024 1.3024 2.3024 3.3024 4.3024 5.3024 6.3024 7.3024 
2.2230 1.2230 0.2230 0.7770 1.7770 2.7770 3.7770 4.7770 
7.0363 6.0363 5.0363 4.0363 3.0363 2.0363 1.0363 0.0363 
4.2618 3.2618 2.2618 1.2618 0.2618 0.7382 1.7382 2.7382 

18
18
3.6751 2.6751 1.6751 0.6751 0.3249 1.3249 2.3249 3.3249 4.3249 5.3249 6.3249 7.3249 8.3249 9.3249 10.3249 11.3249 12.3249 13.3249 
14.8148 13.8148 12.8148 11.8148 10.8148 9.8148 8.8148 7.8148 6.8148 5.8148 4.8148 3.8148 2.8148 1.8148 0.8148 0.1852 1.1852 2.1852 
14.6535 13.6535 12.6535 11.6535 10.6535 9.6535 8.6535 7.6535 6.6535 5.6535 4.6535 3.6535 2.6535 1.6535 0.6535 0.3465 1.3465 2.3465 
4.6451 3.6451 2.6451 1.6451 0.6451 0.3549 1.3549 2.3549 3.3549 4.3549 5.3549 6.3549 7.3549 8.3549 9.3549 10.3549 11.3549 12.3549 
0.2974 0.7026 1.7026 2.7026 3.7026 4.7026 5.7026 6.7026 7.7026 8.7026 9.7026 10.7026 11.7026 12.7026 13.7026 14.7026 15.7026 16.7026 
11.3057 10.3057 9.3057 8.3057 7.3057 6.3057 5.3057 4.3057 3.3057 2.3057 1.3057 0.3057 0.6943 1.6943 2.6943 3.6943 4.6943 5.6943 
14.4796 13.4796 12.4796 11.4796 10.4796 9.4796 8.4796 7.4796 6.4796 5.4796 4.4796 3.4796 2.4796 1.4796 0.4796 0.5204 1.5204 2.5204 
1.9217 0.9217 0.0783 1.0783 2.0783 3.0783 4.0783 5.0783 6.0783 7.0783 8.0783 9.0783 10.0783 11.0783 12.0783 13.0783 14.0783 15.0783 
15.8183 14.8183 13.8183 12.8183 11.8183 10.8183 9.8183 8.8183 7.8183 6.8183 5.8183 4.8183 3.8183 2.8183 1.8183 0.8183 0.1817 1.1817 
7.3248 6.3248 5.3248 4.3248 3.3248 2.3248 1.3248 0.3248 0.6752 1.6752 2.6752 3.6752 4.6752 5.6752 6.6752 7.6752 8.6752 9.6752 
16.9919 15.9919 14.9919 13.9919 12.9919 11.9919 10.9919 9.9919 8.9919 7.9919 6.9919 5.9919 4.9919 3.9919 2.9919 1.9919 0.9919 0.0081 
8.1086 7.1086 6.1086 5.1086 4.1086 3.1086 2.1086 1.1086 0.1086 0.8914 1.8914 2.8914 3.8914 4.8914 5.8914 6.8914 7.8914 8.8914 
10.2834 9.2834 8.2834 7.2834 6.2834 5.2834 4.2834 3.2834 2.2834 1.2834 0.2834 0.7166 1.7166 2.7166 3.7166 4.7166 5.7166 6.7166 
0.2693 1.2693 2.2693 3.2693 4.2693 5.2693 6.2693 7.2693 8.2693 9.2693 10.2693 11.2693 12.2693 13.2693 14.2693 15.2693 16.2693 17.2693 
11.9675 10.9675 9.9675 8.9675 7.9675 6.9675 5.9675 4.9675 3.9675 2.9675 1.9675 0.9675 0.0325 1.0325 2.0325 3.0325 4.0325 5.0325 
10.2172 9.2172 8.2172 7.2172 6.2172 5.2172 4.2172 3.2172 2.2172 1.2172 0.2172 0.7828 1.7828 2.7828 3.7828 4.7828 5.7828 6.7828 
16.1428 15.1428 14.1428 13.1428 12.1428 11.1428 10.1428 9.1428 8.1428 7.1428 6.1428 5.1428 4.1428 3.1428 2.1428 1.1428 0.1428 0.8572 
15.5184 14.5184 13.5184 12.5184 11.5184 10.5184 9.5184 8.5184 7.5184 6.5184 5.5184 4.5184 3.5184 2.5184 1.5184 0.5184 0.4816 1.4816 

15
15
8.9920 7.9920 6.9920 5.9920 4.9920 3.9920 2.9920 1.9920 0.9920 0.0080 1.0080 2.0080 3.0080 4.0080 5.0080 
5.6225 4.6225 3.6225 2.6225 1.6225 0.6225 0.3775 1.3775 2.3775 3.3775 4.3775 5.3775 6.3775 7.3775 8.3775 
11.0625 10.0625 9.0625 8.0625 7.0625 6.0625 5.0625 4.0625 3.0625 2.0625 1.0625 0.0625 0.9375 1.9375 2.9375 
9.9586 8.9586 7.9586 6.9586 5.9586 4.9586 3.9586 2.9586 1.9586 0.9586 0.0414 1.0414 2.0414 3.0414 4.0414 
4.3742 3.3742 2.3742 1.3742 0.3742 0.6258 1.6258 2.6258 3.6258 4.6258 5.6258 6.6258 7.6258 8.6258 9.6258 
8.2263 7.2263 6.2263 5.2263 4.2263 3.2263 2.2263 1.2263 0.2263 0.7737 1.7737 2.7737 3.7737 4.7737 5.7737 
6.8822 5.8822 4.8822 3.8822 2.8822 1.8822 0.8822 0.1178 1.1178 2.1178 3.1178 4.1178 5.1178 6.1178 7.1178 
1.1917 0.1917 0.8083 1.8083 2.8083 3.8083 4.8083 5.8083 6.8083 7.8083 8.8083 9.8083 10.8083 11.8083 12.8083 
14.3486 13.3486 12.3486 11.3486 10.3486 9.3486 8.3486 7.3486 6.3486 5.3486 4.3486 3.3486 2.3486 1.3486 0.3486 
14.3593 13.3593 12.3593 11.3593 10.3593 9.3593 8.3593 7.3593 6.3593 5.3593 4.3593 3.3593 2.3593 1.3593 0.3593 
10.0323 9.0323 8.0323 7.0323 6.0323 5.0323 4.0323 3.0323 2.0323 1.0323 0.0323 0.9677 1.9677 2.9677 3.9677 
7.7600 6.7600 5.7600 4.7600 3.7600 2.7600 1.7600 0.7600 0.2400 1.2400 2.2400 3.2400 4.2400 5.2400 6.2400 
9.6990 8.6990 7.6990 6.6990 5.6990 4.6990 3.6990 2.6990 1.6990 0.6990 0.3010 1.3010 2.3010 3.3010 4.3010 
13.7224 12.7224 11.7224 10.7224 9.7224 8.7224 7.7224 6.7224 5.7224 4.7224 3.7224 2.7224 1.7224 0.7224 0.2776 
0.6669 0.3331 1.3331 2.3331 3.3331 4.3331 5.3331 6.3331 7.3331 8.3331 9.3331 10.3331 11.3331 12.3331 13.3331 

6
6
5.9052 4.9052 3.9052 2.9052 1.9052 0.9052 
0.3324 0.6676 1.6676 2.6676 3.6676 4.6676 
0.9783 1.9783 2.9783 3.9783 4.9783 5.9783 
4.4247 3.4247 2.4247 1.4247 0.4247 0.5753 
0.6170 1.6170 2.6170 3.6170 4.6170 5.6170 
0.3523 1.3523 2.3523 3.3523 4.3523 5.3523 

19
19
4.1363 3.1363 2.1363 1.1363 0.1363 0.8637 1.8637 2.8637 3.8637 4.8637 5.8637 6.8637 7.8637 8.8637 9.8637 10.8637 11.8637 12.8637 13.8637 
8.1842 7.1842 6.1842 5.1842 4.1842 3.1842 2.1842 1.1842 0.1842 0.8158 1.8158 2.8158 3.8158 4.8158 5.8158 6.8158 7.8158 8.8158 9.8158 
17.7309 16.7309 15.7309 14.7309 13.7309 12.7309 11.7309 10.7309 9.7309 8.7309 7.7309 6.7309 5.7309 4.7309 3.7309 2.7309 1.7309 0.7309 0.2691 
8.8039 7.8039 6.8039 5.8039 4.8039 3.8039 2.8039 1.8039 0.8039 0.1961 1.1961 2.1961 3.1961 4.1961 5.1961 6.1961 7.1961 8.1961 9.1961 
12.3857 11.3857 10.3857 9.3857 8.3857 7.3857 6.3857 5.3857 4.3857 3.3857 2.3857 1.3857 0.3857 0.6143 1.6143 2.6143 3.6143 4.6143 5.6143 
0.6160 0.3840 1.3840 2.3840 3.3840 4.3840 5.3840 6.3840 7.3840 8.3840 9.3840 10.3840 11.3840 12.3840 13.3840 14.3840 15.3840 16.3840 17.3840 
12.3082 11.3082 10.3082 9.3082 8.3082 7.3082 6.3082 5.3082 4.3082 3.3082 2.3082 1.3082 0.3082 0.6918 1.6918 2.6918 3.6918 4.6918 5.6918 
3.5631 2.5631 1.5631 0.5631 0.4369 1.4369 2.4369 3.4369 4.4369 5.4369 6.4369 7.4369 8.4369 9.4369 10.4369 11.4369 12.4369 13.4369 14.4369 
16.5746 15.5746 14.5746 13.5746 12.5746 11.5746 10.5746 9.5746 8.5746 7.5746 6.5746 5.5746 4.5746 3.5746 2.5746 1.5746 0.5746 0.4254 1.4254 
1.6828 0.6828 0.3172 1.3172 2.3172 3.3172 4.3172 5.3172 6.3172 7.3172 8.3172 9.3172 10.3172 11.3172 12.3172 13.3172 14.3172 15.3172 16.3172 
12.3826 11.3826 10.3826 9.3826 8.3826 7.3826 6.3826 5.3826 4.3826 3.3826 2.3826 1.3826 0.3826 0.6174 1.6174 2.6174 3.6174 4.6174 5.6174 
1.1814 0.1814 0.8186 1.8186 2.8186 3.8186 4.8186 5.8186 6.8186 7.8186 8.8186 9.8186 10.8186 11.8186 12.8186 13.8186 14.8186 15.8186 16.8186 
13.0033 12.0033 11.0033 10.0033 9.0033 8.0033 7.0033 6.0033 5.0033 4.0033 3.0033 2.0033 1.0033 0.0033 0.9967 1.9967 2.9967 3.9967 4.9967 
3.8943 2.8943 1.8943 0.8943 0.1057 1.1057 2.1057 3.1057 4.1057 5.1057 6.1057 7.1057 8.1057 9.1057 10.1057 11.1057 12.1057 13.1057 14.1057 
11.0948 10.0948 9.0948 8.0948 7.0948 6.0948 5.0948 4.0948 3.0948 2.0948 1.0948 0.0948 0.9052 1.9052 2.9052 3.9052 4.9052 5.9052 6.9052 
2.6222 1.6222 0.6222 0.3778 1.3778 2.3778 3.3778 4.3778 5.3778 6.3778 7.3778 8.3778 9.3778 10.3778 11.3778 12.3778 13.3778 14.3778 15.3778 
2.8254 1.8254 0.8254 0.1746 1.1746 2.1746 3.1746 4.1746 5.1746 6.1746 7.1746 8.1746 9.1746 10.1746 11.1746 12.1746 13.1746 14.1746 15.1746 
14.2169 13.2169 12.2169 11.2169 10.2169 9.2169 8.2169 7.2169 6.2169 5.2169 4.2169 3.2169 2.2169 1.2169 0.2169 0.7831 1.7831 2.7831 3.7831 
6.7479 5.7479 4.7479 3.7479 2.7479 1.7479 0.7479 0.2521 1.2521 2.2521 3.2521 4.2521 5.2521 6.2521 7.2521 8.2521 9.2521 10.2521 11.2521 

12
12
0.7898 1.7898 2.7898 3.7898 4.7898 5.7898 6.7898 7.7898 8.7898 9.7898 10.7898 11.7898 
1.0342 0.0342 0.9658 1.9658 2.9658 3.9658 4.9658 5.9658 6.9658 7.9658 8.9658 9.9658 
4.6631 3.6631 2.6631 1.6631 0.6631 0.3369 1.3369 2.3369 3.3369 4.3369 5.3369 6.3369 
3.2373 2.2373 1.2373 0.2373 0.7627 1.7627 2.7627 3.7627 4.7627 5.7627 6.7627 7.7627 
2.4856 1.4856 0.4856 0.5144 1.5144 2.5144 3.5144 4.5144 5.5144 6.5144 7.5144 8.5144 
0.4115 1.4115 2.4115 3.4115 4.4115 5.4115 6.4115 7.4115 8.4115 9.4115 10.4115 11.4115 
5.7505 4.7505 3.7505 2.7505 1.7505 0.7505 0.2495 1.2495 2.2495 3.2495 4.2495 5.2495 
10.4950 9.4950 8.4950 7.4950 6.4950 5.4950 4.4950 3.4950 2.4950 1.4950 0.4950 0.5050 
5.6013 4.6013 3.6013 2.6013 1.6013 0.6013 0.3987 1.3987 2.3987 3.3987 4.3987 5.3987 
9.1604 8.1604 7.1604 6.1604 5.1604 4.1604 3.1604 2.1604 1.1604 0.1604 0.8396 1.8396 
6.4529 5.4529 4.4529 3.4529 2.4529 1.4529 0.4529 0.5471 1.5471 2.5471 3.5471 4.5471 
7.0108 6.0108 5.0108 4.0108 3.0108 2.0108 1.0108 0.0108 0.9892 1.9892 2.9892 3.9892 

12
12
0.7849 1.7849 2.7849 3.7849 4.7849 5.7849 6.7849 7.7849 8.7849 9.7849 10.7849 11.7849 
10.7016 9.7016 8.7016 7.7016 6.7016 5.7016 4.7016 3.7016 2.7016 1.7016 0.7016 0.2984 
0.2368 0.7632 1.7632 2.7632 3.7632 4.7632 5.7632 6.7632 7.7632 8.7632 9.7632 10.7632 
7.9544 6.9544 5.9544 4.9544 3.9544 2.9544 1.9544 0.9544 0.0456 1.0456 2.0456 3.0456 
1.4013 0.4013 0.5987 1.5987 2.5987 3.5987 4.5987 5.5987 6.5987 7.5987 8.5987 9.5987 
5.0731 4.0731 3.0731 2.0731 1.0731 0.0731 0.9269 1.9269 2.9269 3.9269 4.9269 5.9269 
11.9486 10.9486 9.9486 8.9486 7.9486 6.9486 5.9486 4.9486 3.9486 2.9486 1.9486 0.9486 
6.8465 5.8465 4.8465 3.8465 2.8465 1.8465 0.8465 0.1535 1.1535 2.1535 3.1535 4.1535 
0.5122 0.4878 1.4878 2.4878 3.4878 4.4878 5.4878 6.4878 7.4878 8.4878 9.4878 10.4878 
4.4430 3.4430 2.4430 1.4430 0.4430 0.5570 1.5570 2.5570 3.5570 4.5570 5.5570 6.5570 
9.4993 8.4993 7.4993 6.4993 5.4993 4.4993 3.4993 2.4993 1.4993 0.4993 0.5007 1.5007 
6.6928 5.6928 4.6928 3.6928 2.6928 1.6928 0.6928 0.3072 1.3072 2.3072 3.3072 4.3072 

1
1
0.4755 

11
11
3.2816 2.2816 1.2816 0.2816 0.7184 1.7184 2.7184 3.7184 4.7184 5.7184 6.7184 
6.1433 5.1433 4.1433 3.1433 2.1433 1.1433 0.1433 0.8567 1.8567 2.8567 3.8567 
7.4097 6.4097 5.4097 4.4097 3.4097 2.4097 1.4097 0.4097 0.5903 1.5903 2.5903 
0.8289 0.1711 1.1711 2.1711 3.1711 4.1711 5.1711 6.1711 7.1711 8.1711 9.1711 
10.3773 9.3773 8.3773 7.3773 6.3773 5.3773 4.3773 3.3773 2.3773 1.3773 0.3773 
3.0256 2.0256 1.0256 0.0256 0.9744 1.9744 2.9744 3.9744 4.9744 5.9744 6.9744 
9.8295 8.8295 7.8295 6.8295 5.8295 4.8295 3.8295 2.8295 1.8295 0.8295 0.1705 
0.6979 1.6979 2.6979 3.6979 4.6979 5.6979 6.6979 7.6979 8.6979 9.6979 10.6979 
3.8295 2.8295 1.8295 0.8295 0.1705 1.1705 2.1705 3.1705 4.1705 5.1705 6.1705 
7.5977 6.5977 5.5977 4.5977 3.5977 2.5977 1.5977 0.5977 0.4023 1.4023 2.4023 
5.7913 4.7913 3.7913 2.7913 1.7913 0.7913 0.2087 1.2087 2.2087 3.2087 4.2087 

17
17
10.8266 9.8266 8.8266 7.8266 6.8266 5.8266 4.8266 3.8266 2.8266 1.8266 0.8266 0.1734 1.1734 2.1734 3.1734 4.1734 5.1734 
9.7341 8.7341 7.7341 6.7341 5.7341 4.7341 3.7341 2.7341 1.7341 0.7341 0.2659 1.2659 2.2659 3.2659 4.2659 5.2659 6.2659 
13.5817 12.5817 11.5817 10.5817 9.5817 8.5817 7.5817 6.5817 5.5817 4.5817 3.5817 2.5817 1.5817 0.5817 0.4183 1.4183 2.4183 
13.2062 12.2062 11.2062 10.2062 9.2062 8.2062 7.2062 6.2062 5.2062 4.2062 3.2062 2.2062 1.2062 0.2062 0.7938 1.7938 2.7938 
11.9072 10.9072 9.9072 8.9072 7.9072 6.9072 5.9072 4.9072 3.9072 2.9072 1.9072 0.9072 0.0928 1.0928 2.0928 3.0928 4.0928 
1.2039 0.2039 0.7961 1.7961 2.7961 3.7961 4.7961 5.7961 6.7961 7.7961 8.7961 9.7961 10.7961 11.7961 12.7961 13.7961 14.7961 
8.7355 7.7355 6.7355 5.7355 4.7355 3.7355 2.7355 1.7355 0.7355 0.2645 1.2645 2.2645 3.2645 4.2645 5.2645 6.2645 7.2645 
16.4874 15.4874 14.4874 13.4874 12.4874 11.4874 10.4874 9.4874 8.4874 7.4874 6.4874 5.4874 4.4874 3.4874 2.4874 1.4874 0.4874 
9.3898 8.3898 7.3898 6.3898 5.3898 4.3898 3.3898 2.3898 1.3898 0.3898 0.6102 1.6102 2.6102 3.6102 4.6102 5.6102 6.6102 
0.0497 1.0497 2.0497 3.0497 4.0497 5.0497 6.0497 7.0497 8.0497 9.0497 10.0497 11.0497 12.0497 13.0497 14.0497 15.0497 16.0497 
8.4507 7.4507 6.4507 5.4507 4.4507 3.4507 2.4507 1.4507 0.4507 0.5493 1.5493 2.5493 3.5493 4.5493 5.5493 6.5493 7.5493 
3.3245 2.3245 1.3245 0.3245 0.6755 1.6755 2.6755 3.6755 4.6755 5.6755 6.6755 7.6755 8.6755 9.6755 10.6755 11.6755 12.6755 
2.6980 1.6980 0.6980 0.3020 1.3020 2.3020 3.3020 4.3020 5.3020 6.3020 7.3020 8.3020 9.3020 10.3020 11.3020 12.3020 13.3020 
3.2816 2.2816 1.2816 0.2816 0.7184 1.7184 2.7184 3.7184 4.7184 5.7184 6.7184 7.7184 8.7184 9.7184 10.7184 11.7184 12.7184 
14.5541 13.5541 12.5541 11.5541 10.5541 9.5541 8.5541 7.5541 6.5541 5.5541 4.5541 3.5541 2.5541 1.5541 0.5541 0.4459 1.4459 
1.8301 0.8301 0.1699 1.1699 2.1699 3.1699 4.1699 5.1699 6.1699 7.1699 8.1699 9.1699 10.1699 11.1699 12.1699 13.1699 14.1699 
15.8381 14.8381 13.8381 12.8381 11.8381 10.8381 9.8381 8.8381 7.8381 6.8381 5.8381 4.8381 3.8381 2.8381 1.8381 0.8381 0.1619 

4
4
0.9683 1.9683 2.9683 3.9683 
0.3226 0.6774 1.6774 2.6774 
0.3215 0.6785 1.6785 2.6785 
3.4147 2.4147 1.4147 0.4147 

10
10
9.9694 8.9694 7.9694 6.9694 5.9694 4.9694 3.9694 2.9694 1.9694 0.9694 
4.8733 3.8733 2.8733 1.8733 0.8733 0.1267 1.1267 2.1267 3.1267 4.1267 
0.2419 0.7581 1.7581 2.7581 3.7581 4.7581 5.7581 6.7581 7.7581 8.7581 
2.2040 1.2040 0.2040 0.7960 1.7960 2.7960 3.7960 4.7960 5.7960 6.7960 
2.8292 1.8292 0.8292 0.1708 1.1708 2.1708 3.1708 4.1708 5.1708 6.1708 
9.4094 8.4094 7.4094 6.4094 5.4094 4.4094 3.4094 2.4094 1.4094 0.4094 
7.4925 6.4925 5.4925 4.4925 3.4925 2.4925 1.4925 0.4925 0.5075 1.5075 
2.1507 1.1507 0.1507 0.8493 1.8493 2.8493 3.8493 4.8493 5.8493 6.8493 
6.7177 5.7177 4.7177 3.7177 2.7177 1.7177 0.7177 0.2823 1.2823 2.2823 
8.3724 7.3724 6.3724 5.3724 4.3724 3.3724 2.3724 1.3724 0.3724 0.6276 

10
10
2.8747 1.8747 0.8747 0.1253 1.1253 2.1253 3.1253 4.1253 5.1253 6.1253 
0.5150 1.5150 2.5150 3.5150 4.5150 5.5150 6.5150 7.5150 8.5150 9.5150 
8.0441 7.0441 6.0441 5.0441 4.0441 3.0441 2.0441 1.0441 0.0441 0.9559 
4.1119 3.1119 2.1119 1.1119 0.1119 0.8881 1.8881 2.8881 3.8881 4.8881 
3.7995 2.7995 1.7995 0.7995 0.2005 1.2005 2.2005 3.2005 4.2005 5.2005 
1.1400 0.1400 0.8600 1.8600 2.8600 3.8600 4.8600 5.8600 6.8600 7.8600 
2.6552 1.6552 0.6552 0.3448 1.3448 2.3448 3.3448 4.3448 5.3448 6.3448 
0.4121 0.5879 1.5879 2.5879 3.5879 4.5879 5.5879 6.5879 7.5879 8.5879 
6.9658 5.9658 4.9658 3.9658 2.9658 1.9658 0.9658 0.0342 1.0342 2.0342 
7.6266 6.6266 5.6266 4.6266 3.6266 2.6266 1.6266 0.6266 0.3734 1.3734 

3
3
0.2661 0.7339 1.7339 
0.4632 0.5368 1.5368 
2.3414 1.3414 0.3414 

6
6
0.7217 0.2783 1.2783 2.2783 3.2783 4.2783 
3.9517 2.9517 1.9517 0.9517 0.0483 1.0483 
0.2381 1.2381 2.2381 3.2381 4.2381 5.2381 
0.1100 0.8900 1.8900 2.8900 3.8900 4.8900 
0.2996 0.7004 1.7004 2.7004 3.7004 4.7004 
0.6621 1.6621 2.6621 3.6621 4.6621 5.6621 

8
8
7.4941 6.4941 5.4941 4.4941 3.4941 2.4941 1.4941 0.4941 
2.1087 1.1087 0.1087 0.8913 1.8913 2.8913 3.8913 4.8913 
1.0521 0.0521 0.9479 1.9479 2.9479 3.9479 4.9479 5.9479 
3.8627 2.8627 1.8627 0.8627 0.1373 1.1373 2.1373 3.1373 
7.0838 6.0838 5.0838 4.0838 3.0838 2.0838 1.0838 0.0838 
1.1909 0.1909 0.8091 1.8091 2.8091 3.8091 4.8091 5.8091 
5.6689 4.6689 3.6689 2.6689 1.6689 0.6689 0.3311 1.3311 
0.8530 1.8530 2.8530 3.8530 4.8530 5.8530 6.8530 7.8530 

17
17
1.4223 0.4223 0.5777 1.5777 2.5777 3.5777 4.5777 5.5777 6.5777 7.5777 8.5777 9.5777 10.5777 11.5777 12.5777 13.5777 14.5777 
6.1896 5.1896 4.1896 3.1896 2.1896 1.1896 0.1896 0.8104 1.8104 2.8104 3.8104 4.8104 5.8104 6.8104 7.8104 8.8104 9.8104 
12.1248 11.1248 10.1248 9.1248 8.1248 7.1248 6.1248 5.1248 4.1248 3.1248 2.1248 1.1248 0.1248 0.8752 1.8752 2.8752 3.8752 
11.2536 10.2536 9.2536 8.2536 7.2536 6.2536 5.2536 4.2536 3.2536 2.2536 1.2536 0.2536 0.7464 1.7464 2.7464 3.7464 4.7464 
9.9458 8.9458 7.9458 6.9458 5.9458 4.9458 3.9458 2.9458 1.9458 0.9458 0.0542 1.0542 2.0542 3.0542 4.0542 5.0542 6.0542 
12.4743 11.4743 10.4743 9.4743 8.4743 7.4743 6.4743 5.4743 4.4743 3.4743 2.4743 1.4743 0.4743 0.5257 1.5257 2.5257 3.5257 
3.8854 2.8854 1.8854 0.8854 0.1146 1.1146 2.1146 3.1146 4.1146 5.1146 6.1146 7.1146 8.1146 9.1146 10.1146 11.1146 12.1146 
6.3357 5.3357 4.3357 3.3357 2.3357 1.3357 0.3357 0.6643 1.6643 2.6643 3.6643 4.6643 5.6643 6.6643 7.6643 8.6643 9.6643 
3.7175 2.7175 1.7175 0.7175 0.2825 1.2825 2.2825 3.2825 4.2825 5.2825 6.2825 7.2825 8.2825 9.2825 10.2825 11.2825 12.2825 
13.6319 12.6319 11.6319 10.6319 9.6319 8.6319 7.6319 6.6319 5.6319 4.6319 3.6319 2.6319 1.6319 0.6319 0.3681 1.3681 2.3681 
9.9091 8.9091 7.9091 6.9091 5.9091 4.9091 3.9091 2.9091 1.9091 0.9091 0.0909 1.0909 2.0909 3.0909 4.0909 5.0909 6.0909 
2.5203 1.5203 0.5203 0.4797 1.4797 2.4797 3.4797 4.4797 5.4797 6.4797 7.4797 8.4797 9.4797 10.4797 11.4797 12.4797 13.4797 
16.4698 15.4698 14.4698 13.4698 12.4698 11.4698 10.4698 9.4698 8.4698 7.4698 6.4698 5.4698 4.4698 3.4698 2.4698 1.4698 0.4698 
1.5039 0.5039 0.4961 1.4961 2.4961 3.4961 4.4961 5.4961 6.4961 7.4961 8.4961 9.4961 10.4961 11.4961 12.4961 13.4961 14.4961 
9.8875 8.8875 7.8875 6.8875 5.8875 4.8875 3.8875 2.8875 1.8875 0.8875 0.1125 1.1125 2.1125 3.1125 4.1125 5.1125 6.1125 
7.4876 6.4876 5.4876 4.4876 3.4876 2.4876 1.4876 0.4876 0.5124 1.5124 2.5124 3.5124 4.5124 5.5124 6.5124 7.5124 8.5124 
14.3251 13.3251 12.3251 11.3251 10.3251 9.3251 8.3251 7.3251 6.3251 5.3251 4.3251 3.3251 2.3251 1.3251 0.3251 0.6749 1.6749 

10
10
7.9992 6.9992 5.9992 4.9992 3.9992 2.9992 1.9992 0.9992 0.0008 1.0008 
6.4650 5.4650 4.4650 3.4650 2.4650 1.4650 0.4650 0.5350 1.5350 2.5350 
5.3776 4.3776 3.3776 2.3776 1.3776 0.3776 0.6224 1.6224 2.6224 3.6224 
5.1632 4.1632 3.1632 2.1632 1.1632 0.1632 0.8368 1.8368 2.8368 3.8368 
0.9393 1.9393 2.9393 3.9393 4.9393 5.9393 6.9393 7.9393 8.9393 9.9393 
6.8355 5.8355 4.8355 3.8355 2.8355 1.8355 0.8355 0.1645 1.1645 2.1645 
6.1871 5.1871 4.1871 3.1871 2.1871 1.1871 0.1871 0.8129 1.8129 2.8129 
7.2380 6.2380 5.2380 4.2380 3.2380 2.2380 1.2380 0.2380 0.7620 1.7620 
1.1687 0.1687 0.8313 1.8313 2.8313 3.8313 4.8313 5.8313 6.8313 7.8313 
5.8367 4.8367 3.8367 2.8367 1.8367 0.8367 0.1633 1.1633 2.1633 3.1633 

17
17
12.4624 11.4624 10.4624 9.4624 8.4624 7.4624 6.4624 5.4624 4.4624 3.4624 2.4624 1.4624 0.4624 0.5376 1.5376 2.5376 3.5376 
2.5034 1.5034 0.5034 0.4966 1.4966 2.4966 3.4966 4.4966 5.4966 6.4966 7.4966 8.4966 9.4966 10.4966 11.4966 12.4966 13.4966 
16.1586 15.1586 14.1586 13.1586 12.1586 11.1586 10.1586 9.1586 8.1586 7.1586 6.1586 5.1586 4.1586 3.1586 2.1586 1.1586 0.1586 
7.4183 6.4183 5.4183 4.4183 3.4183 2.4183 1.4183 0.4183 0.5817 1.5817 2.5817 3.5817 4.5817 5.5817 6.5817 7.5817 8.5817 
1.5902 0.5902 0.4098 1.4098 2.4098 3.4098 4.4098 5.4098 6.4098 7.4098 8.4098 9.4098 10.4098 11.4098 12.4098 13.4098 14.4098 
15.9433 14.9433 13.9433 12.9433 11.9433 10.9433 9.9433 8.9433 7.9433 6.9433 5.9433 4.9433 3.9433 2.9433 1.9433 0.9433 0.0567 
11.2128 10.2128 9.2128 8.2128 7.2128 6.2128 5.2128 4.2128 3.2128 2.2128 1.2128 0.2128 0.7872 1.7872 2.7872 3.7872 4.7872 
3.5738 2.5738 1.5738 0.5738 0.4262 1.4262 2.4262 3.4262 4.4262 5.4262 6.4262 7.4262 8.4262 9.4262 10.4262 11.4262 12.4262 
7.2332 6.2332 5.2332 4.2332 3.2332 2.2332 1.2332 0.2332 0.7668 1.7668 2.7668 3.7668 4.7668 5.7668 6.7668 7.7668 8.7668 
13.7360 12.7360 11.7360 10.7360 9.7360 8.7360 7.7360 6.7360 5.7360 4.7360 3.7360 2.7360 1.7360 0.7360 0.2640 1.2640 2.2640 
0.2965 1.2965 2.2965 3.2965 4.2965 5.2965 6.2965 7.2965 8.2965 9.2965 10.2965 11.2965 12.2965 13.2965 14.2965 15.2965 16.2965 
8.8789 7.8789 6.8789 5.8789 4.8789 3.8789 2.8789 1.8789 0.8789 0.1211 1.1211 2.1211 3.1211 4.1211 5.1211 6.1211 7.1211 
5.0420 4.0420 3.0420 2.0420 1.0420 0.0420 0.9580 1.9580 2.9580 3.9580 4.9580 5.9580 6.9580 7.9580 8.9580 9.9580 10.9580 
2.6790 1.6790 0.6790 0.3210 1.3210 2.3210 3.3210 4.3210 5.3210 6.3210 7.3210 8.3210 9.3210 10.3210 11.3210 12.3210 13.3210 
4.6489 3.6489 2.6489 1.6489 0.6489 0.3511 1.3511 2.3511 3.3511 4.3511 5.3511 6.3511 7.3511 8.3511 9.3511 10.3511 11.3511 
1.2525 0.2525 0.7475 1.7475 2.7475 3.7475 4.7475 5.7475 6.7475 7.7475 8.7475 9.7475 10.7475 11.7475 12.7475 13.7475 14.7475 
4.1312 3.1312 2.1312 1.1312 0.1312 0.8688 1.8688 2.8688 3.8688 4.8688 5.8688 6.8688 7.8688 8.8688 9.8688 10.8688 11.8688 

18
18
5.5619 4.5619 3.5619 2.5619 1.5619 0.5619 0.4381 1.4381 2.4381 3.4381 4.4381 5.4381 6.4381 7.4381 8.4381 9.4381 10.4381 11.4381 
14.8937 13.8937 12.8937 11.8937 10.8937 9.8937 8.8937 7.8937 6.8937 5.8937 4.8937 3.8937 2.8937 1.8937 0.8937 0.1063 1.1063 2.1063 
7.5086 6.5086 5.5086 4.5086 3.5086 2.5086 1.5086 0.5086 0.4914 1.4914 2.4914 3.4914 4.4914 5.4914 6.4914 7.4914 8.4914 9.4914 
9.7512 8.7512 7.7512 6.7512 5.7512 4.7512 3.7512 2.7512 1.7512 0.7512 0.2488 1.2488 2.2488 3.2488 4.2488 5.2488 6.2488 7.2488 
12.0357 11.0357 10.0357 9.0357 8.0357 7.0357 6.0357 5.0357 4.0357 3.0357 2.0357 1.0357 0.0357 0.9643 1.9643 2.9643 3.9643 4.9643 
14.4004 13.4004 12.4004 11.4004 10.4004 9.4004 8.4004 7.4004 6.4004 5.4004 4.4004 3.4004 2.4004 1.4004 0.4004 0.5996 1.5996 2.5996 
4.7501 3.7501 2.7501 1.7501 0.7501 0.2499 1.2499 2.2499 3.2499 4.2499 5.2499 6.2499 7.2499 8.2499 9.2499 10.2499 11.2499 12.2499 
13.7417 12.7417 11.7417 10.7417 9.7417 8.7417 7.7417 6.7417 5.7417 4.7417 3.7417 2.7417 1.7417 0.7417 0.2583 1.2583 2.2583 3.2583 
16.6992 15.6992 14.6992 13.6992 12.6992 11.6992 10.6992 9.6992 8.6992 7.6992 6.6992 5.6992 4.6992 3.6992 2.6992 1.6992 0.6992 0.3008 
10.7176 9.7176 8.7176 7.7176 6.7176 5.7176 4.7176 3.7176 2.7176 1.7176 0.7176 0.2824 1.2824 2.2824 3.2824 4.2824 5.2824 6.2824 
0.5157 0.4843 1.4843 2.4843 3.4843 4.4843 5.4843 6.4843 7.4843 8.4843 9.4843 10.4843 11.4843 12.4843 13.4843 14.4843 15.4843 16.4843 
3.7519 2.7519 1.7519 0.7519 0.2481 1.2481 2.2481 3.2481 4.2481 5.2481 6.2481 7.2481 8.2481 9.2481 10.2481 11.2481 12.2481 13.2481 
10.9875 9.9875 8.9875 7.9875 6.9875 5.9875 4.9875 3.9875 2.9875 1.9875 0.9875 0.0125 1.0125 2.0125 3.0125 4.0125 5.0125 6.0125 
7.5261 6.5261 5.5261 4.5261 3.5261 2.5261 1.5261 0.5261 0.4739 1.4739 2.4739 3.4739 4.4739 5.4739 6.4739 7.4739 8.4739 9.4739 
8.9133 7.9133 6.9133 5.9133 4.9133 3.9133 2.9133 1.9133 0.9133 0.0867 1.0867 2.0867 3.0867 4.0867 5.0867 6.0867 7.0867 8.0867 
0.9482 1.9482 2.9482 3.9482 4.9482 5.9482 6.9482 7.9482 8.9482 9.9482 10.9482 11.9482 12.9482 13.9482 14.9482 15.9482 16.9482 17.9482 
1.2342 0.2342 0.7658 1.7658 2.7658 3.7658 4.7658 5.7658 6.7658 7.7658 8.7658 9.7658 10.7658 11.7658 12.7658 13.7658 14.7658 15.7658 
12.9041 11.9041 10.9041 9.9041 8.9041 7.9041 6.9041 5.9041 4.9041 3.9041 2.9041 1.9041 0.9041 0.0959 1.0959 2.0959 3.0959 4.0959 

12
12
10.3125 9.3125 8.3125 7.3125 6.3125 5.3125 4.3125 3.3125 2.3125 1.3125 0.3125 0.6875 
6.3105 5.3105 4.3105 3.3105 2.3105 1.3105 0.3105 0.6895 1.6895 2.6895 3.6895 4.6895 
1.2269 0.2269 0.7731 1.7731 2.7731 3.7731 4.7731 5.7731 6.7731 7.7731 8.7731 9.7731 
1.3497 0.3497 0.6503 1.6503 2.6503 3.6503 4.6503 5.6503 6.6503 7.6503 8.6503 9.6503 
0.9632 1.9632 2.9632 3.9632 4.9632 5.9632 6.9632 7.9632 8.9632 9.9632 10.9632 11.9632 
0.7893 1.7893 2.7893 3.7893 4.7893 5.7893 6.7893 7.7893 8.7893 9.7893 10.7893 11.7893 
3.0508 2.0508 1.0508 0.0508 0.9492 1.9492 2.9492 3.9492 4.9492 5.9492 6.9492 7.9492 
9.7730 8.7730 7.7730 6.7730 5.7730 4.7730 3.7730 2.7730 1.7730 0.7730 0.2270 1.2270 
9.7990 8.7990 7.7990 6.7990 5.7990 4.7990 3.7990 2.7990 1.7990 0.7990 0.2010 1.2010 
7.3252 6.3252 5.3252 4.3252 3.3252 2.3252 1.3252 0.3252 0.6748 1.6748 2.6748 3.6748 
0.6106 0.3894 1.3894 2.3894 3.3894 4.3894 5.3894 6.3894 7.3894 8.3894 9.3894 10.3894 
6.2268 5.2268 4.2268 3.2268 2.2268 1.2268 0.2268 0.7732 1.7732 2.7732 3.7732 4.7732 

16
16
14.4579 13.4579 12.4579 11.4579 10.4579 9.4579 8.4579 7.4579 6.4579 5.4579 4.4579 3.4579 2.4579 1.4579 0.4579 0.5421 
10.3394 9.3394 8.3394 7.3394 6.3394 5.3394 4.3394 3.3394 2.3394 1.3394 0.3394 0.6606 1.6606 2.6606 3.6606 4.6606 
10.6997 9.6997 8.6997 7.6997 6.6997 5.6997 4.6997 3.6997 2.6997 1.6997 0.6997 0.3003 1.3003 2.3003 3.3003 4.3003 
9.5255 8.5255 7.5255 6.5255 5.5255 4.5255 3.5255 2.5255 1.5255 0.5255 0.4745 1.4745 2.4745 3.4745 4.4745 5.4745 
10.5294 9.5294 8.5294 7.5294 6.5294 5.5294 4.5294 3.5294 2.5294 1.5294 0.5294 0.4706 1.4706 2.4706 3.4706 4.4706 
7.0085 6.0085 5.0085 4.0085 3.0085 2.0085 1.0085 0.0085 0.9915 1.9915 2.9915 3.9915 4.9915 5.9915 6.9915 7.9915 
8.7301 7.7301 6.7301 5.7301 4.7301 3.7301 2.7301 1.7301 0.7301 0.2699 1.2699 2.2699 3.2699 4.2699 5.2699 6.2699 
12.6193 11.6193 10.6193 9.6193 8.6193 7.6193 6.6193 5.6193 4.6193 3.6193 2.6193 1.6193 0.6193 0.3807 1.3807 2.3807 
15.2015 14.2015 13.2015 12.2015 11.2015 10.2015 9.2015 8.2015 7.2015 6.2015 5.2015 4.2015 3.2015 2.2015 1.2015 0.2015 
12.7282 11.7282 10.7282 9.7282 8.7282 7.7282 6.7282 5.7282 4.7282 3.7282 2.7282 1.7282 0.7282 0.2718 1.2718 2.2718 
6.3347 5.3347 4.3347 3.3347 2.3347 1.3347 0.3347 0.6653 1.6653 2.6653 3.6653 4.6653 5.6653 6.6653 7.6653 8.6653 
1.6901 0.6901 0.3099 1.3099 2.3099 3.3099 4.3099 5.3099 6.3099 7.3099 8.3099 9.3099 10.3099 11.3099 12.3099 13.3099 
11.9406 10.9406 9.9406 8.9406 7.9406 6.9406 5.9406 4.9406 3.9406 2.9406 1.9406 0.9406 0.0594 1.0594 2.0594 3.0594 
12.9176 11.9176 10.9176 9.9176 8.9176 7.9176 6.9176 5.9176 4.9176 3.9176 2.9176 1.9176 0.9176 0.0824 1.0824 2.0824 
2.2853 1.2853 0.2853 0.7147 1.7147 2.7147 3.7147 4.7147 5.7147 6.7147 7.7147 8.7147 9.7147 10.7147 11.7147 12.7147 
0.8212 0.1788 1.1788 2.1788 3.1788 4.1788 5.1788 6.1788 7.1788 8.1788 9.1788 10.1788 11.1788 12.1788 13.1788 14.1788 

2
2
0.8763 0.1237 
0.8439 0.1561 

19
19
2.7749 1.7749 0.7749 0.2251 1.2251 2.2251 3.2251 4.2251 5.2251 6.2251 7.2251 8.2251 9.2251 10.2251 11.2251 12.2251 13.2251 14.2251 15.2251 
2.0589 1.0589 0.0589 0.9411 1.9411 2.9411 3.9411 4.9411 5.9411 6.9411 7.9411 8.9411 9.9411 10.9411 11.9411 12.9411 13.9411 14.9411 15.9411 
2.0386 1.0386 0.0386 0.9614 1.9614 2.9614 3.9614 4.9614 5.9614 6.9614 7.9614 8.9614 9.9614 10.9614 11.9614 12.9614 13.9614 14.9614 15.9614 
8.4708 7.4708 6.4708 5.4708 4.4708 3.4708 2.4708 1.4708 0.4708 0.5292 1.5292 2.5292 3.5292 4.5292 5.5292 6.5292 7.5292 8.5292 9.5292 
4.5900 3.5900 2.5900 1.5900 0.5900 0.4100 1.4100 2.4100 3.4100 4.4100 5.4100 6.4100 7.4100 8.4100 9.4100 10.4100 11.4100 12.4100 13.4100 
11.2113 10.2113 9.2113 8.2113 7.2113 6.2113 5.2113 4.2113 3.2113 2.2113 1.2113 0.2113 0.7887 1.7887 2.7887 3.7887 4.7887 5.7887 6.7887 
2.0801 1.0801 0.0801 0.9199 1.9199 2.9199 3.9199 4.9199 5.9199 6.9199 7.9199 8.9199 9.9199 10.9199 11.9199 12.9199 13.9199 14.9199 15.9199 
0.8710 0.1290 1.1290 2.1290 3.1290 4.1290 5.1290 6.1290 7.1290 8.1290 9.1290 10.1290 11.1290 12.1290 13.1290 14.1290 15.1290 16.1290 17.1290 
9.0065 8.0065 7.0065 6.0065 5.0065 4.0065 3.0065 2.0065 1.0065 0.0065 0.9935 1.9935 2.9935 3.9935 4.9935 5.9935 6.9935 7.9935 8.9935 
12.1095 11.1095 10.1095 9.1095 8.1095 7.1095 6.1095 5.1095 4.1095 3.1095 2.1095 1.1095 0.1095 0.8905 1.8905 2.8905 3.8905 4.8905 5.8905 
0.9895 1.9895 2.9895 3.9895 4.9895 5.9895 6.9895 7.9895 8.9895 9.9895 10.9895 11.9895 12.9895 13.9895 14.9895 15.9895 16.9895 17.9895 18.9895 
16.1140 15.1140 14.1140 13.1140 12.1140 11.1140 10.1140 9.1140 8.1140 7.1140 6.1140 5.1140 4.1140 3.1140 2.1140 1.1140 0.1140 0.8860 1.8860 
2.4999 1.4999 0.4999 0.5001 1.5001 2.5001 3.5001 4.5001 5.5001 6.5001 7.5001 8.5001 9.5001 10.5001 11.5001 12.5001 13.5001 14.5001 15.5001 
11.0263 10.0263 9.0263 8.0263 7.0263 6.0263 5.0263 4.0263 3.0263 2.0263 1.0263 0.0263 0.9737 1.9737 2.9737 3.9737 4.9737 5.9737 6.9737 
7.0022 6.0022 5.0022 4.0022 3.0022 2.0022 1.0022 0.0022 0.9978 1.9978 2.9978 3.9978 4.9978 5.9978 6.9978 7.9978 8.9978 9.9978 10.9978 
2.6678 1.6678 0.6678 0.3322 1.3322 2.3322 3.3322 4.3322 5.3322 6.3322 7.3322 8.3322 9.3322 10.3322 11.3322 12.3322 13.3322 14.3322 15.3322 
14.2802 13.2802 12.2802 11.2802 10.2802 9.2802 8.2802 7.2802 6.2802 5.2802 4.2802 3.2802 2.2802 1.2802 0.2802 0.7198 1.7198 2.7198 3.7198 
1.3703 0.3703 0.6297 1.6297 2.6297 3.6297 4.6297 5.6297 6.6297 7.6297 8.6297 9.6297 10.6297 11.6297 12.6297 13.6297 14.6297 15.6297 16.6297 
14.5381 13.5381 12.5381 11.5381 10.5381 9.5381 8.5381 7.5381 6.5381 5.5381 4.5381 3.5381 2.5381 1.5381 0.5381 0.4619 1.4619 2.4619 3.4619 

9
9
0.7880 0.2120 1.2120 2.2120 3.2120 4.2120 5.2120 6.2120 7.2120 
4.8876 3.8876 2.8876 1.8876 0.8876 0.1124 1.1124 2.1124 3.1124 
2.8305 1.8305 0.8305 0.1695 1.1695 2.1695 3.1695 4.1695 5.1695 
8.5019 7.5019 6.5019 5.5019 4.5019 3.5019 2.5019 1.5019 0.5019 
7.1576 6.1576 5.1576 4.1576 3.1576 2.1576 1.1576 0.1576 0.8424 
6.3031 5.3031 4.3031 3.3031 2.3031 1.3031 0.3031 0.6969 1.6969 
7.9977 6.9977 5.9977 4.9977 3.9977 2.9977 1.9977 0.9977 0.0023 
2.5458 1.5458 0.5458 0.4542 1.4542 2.4542 3.4542 4.4542 5.4542 
6.7181 5.7181 4.7181 3.7181 2.7181 1.7181 0.7181 0.2819 1.2819 

15
15
10.8937 9.8937 8.8937 7.8937 6.8937 5.8937 4.8937 3.8937 2.8937 1.8937 0.8937 0.1063 1.1063 2.1063 3.1063 
5.7995 4.7995 3.7995 2.7995 1.7995 0.7995 0.2005 1.2005 2.2005 3.2005 4.2005 5.2005 6.2005 7.2005 8.2005 
11.3071 10.3071 9.3071 8.3071 7.3071 6.3071 5.3071 4.3071 3.3071 2.3071 1.3071 0.3071 0.6929 1.6929 2.6929 
14.4030 13.4030 12.4030 11.4030 10.4030 9.4030 8.4030 7.4030 6.4030 5.4030 4.4030 3.4030 2.4030 1.4030 0.4030 
1.8485 0.8485 0.1515 1.1515 2.1515 3.1515 4.1515 5.1515 6.1515 7.1515 8.1515 9.1515 10.1515 11.1515 12.1515 
0.2772 0.7228 1.7228 2.7228 3.7228 4.7228 5.7228 6.7228 7.7228 8.7228 9.7228 10.7228 11.7228 12.7228 13.7228 
1.1722 0.1722 0.8278 1.8278 2.8278 3.8278 4.8278 5.8278 6.8278 7.8278 8.8278 9.8278 10.8278 11.8278 12.8278 
12.1911 11.1911 10.1911 9.1911 8.1911 7.1911 6.1911 5.1911 4.1911 3.1911 2.1911 1.1911 0.1911 0.8089 1.8089 
13.0470 12.0470 11.0470 10.0470 9.0470 8.0470 7.0470 6.0470 5.0470 4.0470 3.0470 2.0470 1.0470 0.0470 0.9530 
13.4018 12.4018 11.4018 10.4018 9.4018 8.4018 7.4018 6.4018 5.4018 4.4018 3.4018 2.4018 1.4018 0.4018 0.5982 
8.8974 7.8974 6.8974 5.8974 4.8974 3.8974 2.8974 1.8974 0.8974 0.1026 1.1026 2.1026 3.1026 4.1026 5.1026 
5.5556 4.5556 3.5556 2.5556 1.5556 0.5556 0.4444 1.4444 2.4444 3.4444 4.4444 5.4444 6.4444 7.4444 8.4444 
8.4191 7.4191 6.4191 5.4191 4.4191 3.4191 2.4191 1.4191 0.4191 0.5809 1.5809 2.5809 3.5809 4.5809 5.5809 
0.9923 0.0077 1.0077 2.0077 3.0077 4.0077 5.0077 6.0077 7.0077 8.0077 9.0077 10.0077 11.0077 12.0077 13.0077 
9.0419 8.0419 7.0419 6.0419 5.0419 4.0419 3.0419 2.0419 1.0419 0.0419 0.9581 1.9581 2.9581 3.9581 4.9581 

12
12
4.9295 3.9295 2.9295 1.9295 0.9295 0.0705 1.0705 2.0705 3.0705 4.0705 5.0705 6.0705 
6.2422 5.2422 4.2422 3.2422 2.2422 1.2422 0.2422 0.7578 1.7578 2.7578 3.7578 4.7578 
2.1569 1.1569 0.1569 0.8431 1.8431 2.8431 3.8431 4.8431 5.8431 6.8431 7.8431 8.8431 
8.5328 7.5328 6.5328 5.5328 4.5328 3.5328 2.5328 1.5328 0.5328 0.4672 1.4672 2.4672 
6.5823 5.5823 4.5823 3.5823 2.5823 1.5823 0.5823 0.4177 1.4177 2.4177 3.4177 4.4177 
6.9652 5.9652 4.9652 3.9652 2.9652 1.9652 0.9652 0.0348 1.0348 2.0348 3.0348 4.0348 
8.4344 7.4344 6.4344 5.4344 4.4344 3.4344 2.4344 1.4344 0.4344 0.5656 1.5656 2.5656 
4.7947 3.7947 2.7947 1.7947 0.7947 0.2053 1.2053 2.2053 3.2053 4.2053 5.2053 6.2053 
0.8192 0.1808 1.1808 2.1808 3.1808 4.1808 5.1808 6.1808 7.1808 8.1808 9.1808 10.1808 
4.7217 3.7217 2.7217 1.7217 0.7217 0.2783 1.2783 2.2783 3.2783 4.2783 5.2783 6.2783 
9.3707 8.3707 7.3707 6.3707 5.3707 4.3707 3.3707 2.3707 1.3707 0.3707 0.6293 1.6293 
1.4300 0.4300 0.5700 1.5700 2.5700 3.5700 4.5700 5.5700 6.5700 7.5700 8.5700 9.5700 

16
16
6.1171 5.1171 4.1171 3.1171 2.1171 1.1171 0.1171 0.8829 1.8829 2.8829 3.8829 4.8829 5.8829 6.8829 7.8829 8.8829 
14.1680 13.1680 12.1680 11.1680 10.1680 9.1680 8.1680 7.1680 6.1680 5.1680 4.1680 3.1680 2.1680 1.1680 0.1680 0.8320 
4.7986 3.7986 2.7986 1.7986 0.7986 0.2014 1.2014 2.2014 3.2014 4.2014 5.2014 6.2014 7.2014 8.2014 9.2014 10.2014 
14.6181 13.6181 12.6181 11.6181 10.6181 9.6181 8.6181 7.6181 6.6181 5.6181 4.6181 3.6181 2.6181 1.6181 0.6181 0.3819 
12.1008 11.1008 10.1008 9.1008 8.1008 7.1008 6.1008 5.1008 4.1008 3.1008 2.1008 1.1008 0.1008 0.8992 1.8992 2.8992 
10.4602 9.4602 8.4602 7.4602 6.4602 5.4602 4.4602 3.4602 2.4602 1.4602 0.4602 0.5398 1.5398 2.5398 3.5398 4.5398 
10.7215 9.7215 8.7215 7.7215 6.7215 5.7215 4.7215 3.7215 2.7215 1.7215 0.7215 0.2785 1.2785 2.2785 3.2785 4.2785 
8.1253 7.1253 6.1253 5.1253 4.1253 3.1253 2.1253 1.1253 0.1253 0.8747 1.8747 2.8747 3.8747 4.8747 5.8747 6.8747 
2.1940 1.1940 0.1940 0.8060 1.8060 2.8060 3.8060 4.8060 5.8060 6.8060 7.8060 8.8060 9.8060 10.8060 11.8060 12.8060 
11.2073 10.2073 9.2073 8.2073 7.2073 6.2073 5.2073 4.2073 3.2073 2.2073 1.2073 0.2073 0.7927 1.7927 2.7927 3.7927 
9.3350 8.3350 7.3350 6.3350 5.3350 4.3350 3.3350 2.3350 1.3350 0.3350 0.6650 1.6650 2.6650 3.6650 4.6650 5.6650 
12.4918 11.4918 10.4918 9.4918 8.4918 7.4918 6.4918 5.4918 4.4918 3.4918 2.4918 1.4918 0.4918 0.5082 1.5082 2.5082 
4.6149 3.6149 2.6149 1.6149 0.6149 0.3851 1.3851 2.3851 3.3851 4.3851 5.3851 6.3851 7.3851 8.3851 9.3851 10.3851 
8.0718 7.0718 6.0718 5.0718 4.0718 3.0718 2.0718 1.0718 0.0718 0.9282 1.9282 2.9282 3.9282 4.9282 5.9282 6.9282 
11.4297 10.4297 9.4297 8.4297 7.4297 6.4297 5.4297 4.4297 3.4297 2.4297 1.4297 0.4297 0.5703 1.5703 2.5703 3.5703 
0.9848 1.9848 2.9848 3.9848 4.9848 5.9848 6.9848 7.9848 8.9848 9.9848 10.9848 11.9848 12.9848 13.9848 14.9848 15.9848 

1
1
0.4572 

0
0

5
5
3.9867 2.9867 1.9867 0.9867 0.0133 
0.7851 1.7851 2.7851 3.7851 4.7851 
0.5597 1.5597 2.5597 3.5597 4.5597 
4.6965 3.6965 2.6965 1.6965 0.6965 
0.5727 0.4273 1.4273 2.4273 3.4273 

