10
10
46 42 34 0 51 26 41 66 30 51 
0 4 46 46 43 32 10 28 29 5 
30 26 20 54 13 46 32 50 59 35 
43 39 17 51 0 43 45 63 63 48 
10 6 48 41 45 34 0 30 39 15 
32 28 26 26 43 0 34 52 20 37 
5 9 42 51 48 37 15 33 34 0 
34 30 28 28 31 14 36 54 34 39 
49 45 43 43 28 17 51 69 37 54 
46 42 0 34 17 26 48 56 46 42 

10
10
59 26 51 52 20 57 43 67 17 30 
60 38 34 35 32 44 26 50 0 13 
45 52 48 5 46 61 4 28 30 43 
78 56 0 53 50 15 44 37 34 46 
33 20 64 47 14 57 46 70 46 51 
49 48 44 9 42 57 0 24 26 39 
50 56 53 0 50 65 9 33 35 48 
53 0 56 56 6 49 48 70 38 43 
52 30 26 27 24 39 18 42 8 21 
69 17 61 54 23 48 53 77 41 28 

10
10
43 32 46 28 49 23 16 30 33 23 
25 0 50 12 53 39 16 13 37 28 
32 30 30 19 29 34 28 17 20 10 
0 25 30 32 33 30 27 34 31 22 
38 27 25 16 28 48 34 14 26 16 
34 19 43 8 46 32 17 6 31 21 
30 50 0 39 3 32 46 37 42 32 
35 24 38 26 41 15 8 24 36 26 
32 12 39 0 42 40 25 2 25 17 
34 13 37 2 40 38 23 0 25 15 

10
10
44 3 35 47 23 28 43 32 38 36 
14 29 30 29 28 29 23 10 18 33 
19 40 35 25 28 36 26 10 21 33 
26 40 13 23 33 24 6 15 1 32 
18 29 34 33 24 25 27 6 22 29 
30 46 19 27 37 18 0 21 5 26 
20 30 28 35 18 26 21 0 16 23 
0 43 23 29 35 35 30 20 25 43 
35 26 21 33 0 39 37 18 32 41 
16 40 23 13 23 31 14 22 9 39 

10
10
3 10 14 3 11 21 15 17 10 18 
4 9 13 2 10 20 16 16 11 18 
24 19 30 22 10 0 33 33 26 18 
21 27 28 20 8 18 19 27 8 0 
30 29 27 30 24 14 36 28 37 32 
0 13 17 6 14 24 18 18 13 21 
18 25 27 18 7 17 16 24 11 15 
18 25 11 18 23 33 0 8 11 19 
13 0 22 11 19 19 25 21 20 27 
13 20 22 13 16 26 11 19 0 8 

10
10
19 12 6 3 16 16 19 7 17 20 
16 9 3 6 17 13 16 10 17 17 
21 14 8 11 22 18 20 15 22 22 
14 19 13 10 9 16 12 0 24 15 
1 20 14 18 6 7 9 15 28 0 
19 12 6 2 20 21 23 12 16 20 
17 10 4 0 18 19 21 10 14 18 
5 20 14 18 0 7 3 9 28 6 
32 25 19 17 30 29 27 26 31 33 
2 17 11 15 3 4 6 12 25 3 

10
10
22 22 26 22 33 23 18 27 18 21 
10 15 5 0 14 4 13 6 4 16 
18 17 16 21 30 20 23 15 17 26 
10 8 6 7 13 3 8 7 11 11 
18 0 14 15 14 11 16 15 19 19 
16 15 1 6 20 10 15 0 10 18 
7 13 11 10 18 8 3 12 6 6 
6 19 9 4 18 8 9 10 0 12 
8 16 14 13 21 11 0 15 9 3 
13 11 3 8 16 6 11 4 12 14 

10
10
25 10 14 11 0 9 2 9 3 9 
28 13 11 8 3 11 1 8 0 6 
46 25 22 23 29 20 31 36 31 30 
34 14 17 14 9 17 7 0 8 14 
23 2 12 15 8 16 10 16 11 9 
28 7 15 14 9 17 7 14 6 0 
39 20 17 14 20 11 22 27 22 27 
36 15 21 18 17 15 15 22 14 8 
34 13 3 0 11 3 9 14 8 14 
0 21 31 34 25 34 27 34 28 28 

10
10
33 29 31 28 40 16 19 27 11 39 
28 28 15 9 24 15 18 6 10 23 
22 18 20 17 29 5 8 16 0 28 
5 33 21 14 12 16 23 26 21 17 
21 19 19 16 28 4 7 17 1 27 
17 21 9 26 0 25 29 30 29 5 
22 16 8 28 5 24 34 29 28 0 
19 35 20 0 26 20 9 12 17 28 
16 37 30 25 23 27 26 22 31 22 
28 25 28 23 27 25 14 20 22 23 

10
10
19 24 8 14 22 25 0 16 20 28 
24 17 13 19 2 23 21 34 14 12 
17 22 6 12 21 21 5 21 25 26 
23 23 24 18 36 23 16 0 20 28 
21 4 19 20 11 35 27 27 27 1 
31 34 32 26 21 29 31 15 33 31 
21 0 16 16 15 38 24 23 31 5 
11 16 0 6 15 22 8 24 27 20 
26 34 27 21 19 6 19 17 3 29 
26 15 15 21 0 25 22 36 16 10 

10
10
25 37 29 18 35 36 28 27 0 23 
36 22 24 29 18 21 7 16 31 25 
29 15 24 24 19 14 0 11 28 20 
29 14 21 15 10 14 9 2 25 11 
30 26 19 0 25 25 24 17 18 5 
19 21 31 25 0 22 19 12 35 21 
40 23 9 12 33 22 20 25 30 17 
32 18 21 21 16 17 3 8 25 17 
27 8 22 21 13 9 15 8 31 17 
35 21 24 5 21 20 20 13 23 0 

10
10
33 0 19 18 13 46 14 16 21 24 
26 21 23 39 29 26 7 5 0 18 
14 19 33 37 27 38 5 7 12 30 
28 18 37 0 31 63 32 34 39 32 
38 19 0 37 17 48 30 28 23 5 
36 3 22 21 16 49 17 19 24 27 
0 33 38 28 30 52 19 21 26 33 
32 27 20 35 27 28 13 11 6 15 
49 17 13 35 30 55 31 33 36 18 
30 13 17 31 0 55 22 24 29 12 

10
10
25 26 27 30 0 30 6 33 26 20 
1 7 20 38 26 29 32 14 31 27 
30 35 14 12 19 17 13 28 13 5 
20 26 32 21 38 8 32 26 12 26 
26 30 19 17 20 22 14 23 18 0 
23 17 36 39 9 39 15 24 35 29 
27 33 11 15 16 14 10 31 10 8 
37 31 26 0 30 29 24 38 25 17 
19 25 0 26 27 24 21 32 21 19 
6 0 25 31 26 28 32 7 28 30 

10
10
5 0 40 18 35 20 15 35 37 16 
10 15 25 3 20 9 0 20 22 1 
15 20 40 20 31 26 17 34 39 18 
9 14 36 22 39 24 19 30 39 20 
30 35 6 23 17 29 20 0 9 21 
16 21 22 9 26 19 12 28 25 11 
15 20 34 12 29 0 9 29 31 8 
24 29 30 22 29 10 19 24 33 18 
4 9 31 9 26 15 6 26 28 7 
25 30 20 32 31 20 29 14 23 28 

10
10
20 22 0 22 38 22 19 21 5 23 
9 31 21 11 22 13 23 12 16 17 
11 23 14 9 24 8 25 7 12 9 
11 29 25 12 13 7 25 18 23 14 
18 30 21 16 31 15 32 0 19 16 
14 41 19 16 38 18 0 32 14 29 
4 26 22 6 20 0 18 15 19 11 
15 32 23 16 27 11 29 16 21 0 
15 27 5 17 36 19 14 19 0 21 
24 42 38 25 0 20 38 31 36 27 

10
10
11 20 12 27 12 14 31 22 16 19 
14 14 3 25 0 5 22 18 4 15 
12 9 14 20 11 16 31 16 7 19 
10 0 17 11 14 19 24 14 16 17 
12 22 13 28 16 15 32 9 20 6 
13 19 2 25 5 0 17 18 9 15 
7 17 18 23 20 20 36 8 24 5 
18 25 8 31 11 6 23 15 15 12 
14 20 3 26 6 5 22 19 10 16 
6 4 17 15 17 19 28 10 13 13 

10
10
25 13 20 0 22 13 17 17 35 13 
8 18 3 17 23 13 3 12 19 7 
18 11 16 18 28 6 16 13 32 20 
0 17 7 25 31 12 11 20 23 15 
21 19 15 6 28 19 11 11 31 7 
26 14 21 1 23 14 18 18 36 14 
11 20 6 17 26 15 0 12 22 4 
19 7 14 6 16 12 14 11 29 18 
7 21 0 20 26 16 6 15 16 8 
23 36 16 35 13 32 22 31 0 24 

10
10
22 24 6 19 16 6 21 23 12 16 
20 22 16 17 14 4 31 21 22 26 
35 34 15 29 26 27 0 33 21 25 
18 8 11 3 0 10 26 7 11 15 
20 19 0 14 11 12 15 18 6 10 
26 19 6 14 11 18 21 18 0 10 
25 18 5 13 10 17 20 17 5 5 
24 19 6 14 11 18 21 18 6 4 
21 20 1 15 12 11 16 19 7 11 
25 15 18 10 7 17 33 0 18 22 

10
10
19 23 12 19 0 25 15 23 28 14 
6 15 18 25 25 20 17 13 21 15 
16 20 23 28 35 30 22 18 16 24 
13 10 7 6 13 15 2 12 15 4 
19 16 13 0 19 21 8 18 21 10 
26 12 18 28 22 13 20 10 12 19 
9 10 3 10 14 11 2 12 19 0 
27 24 22 21 28 25 17 22 0 19 
19 0 13 16 23 21 8 2 24 10 
8 26 15 27 27 22 19 24 30 17 

10
10
27 3 2 19 4 5 23 31 9 1 
29 2 1 18 1 6 22 28 6 2 
54 30 29 26 27 27 30 0 22 30 
28 1 0 17 2 5 21 29 7 1 
44 23 24 41 26 27 45 53 31 23 
42 18 17 34 15 22 34 32 10 18 
37 26 25 16 27 28 20 42 32 24 
43 16 15 17 17 20 13 26 22 16 
27 6 5 22 7 0 26 27 12 4 
45 18 17 0 19 22 4 26 24 18 

